100
2 2 4 4 4 2 3 3 2 3 3 3 2 2 2 3 3 3 2 4 3 2 4 4 2 2 3 3 3 3 4 4 2 3 4 4 4 2 4 3 2 2 3 3 3 3 4 2 3 4 3 2 4 4 4 2 4 3 4 2 3 3 2 3 2 3 3 3 3 2 3 4 4 3 3 4 2 4 3 3 3 4 3 4 2 3 4 4 2 4 2 3 2 4 3 2 4 4 4 2
1 49
2 65
3 9 21 97
4 19 31 66
5 38 72 80
5 6
7 38 40
8 19 36
9 45
10 15 77
11 14 68
12 13 81
13 24
14 59
15 25
16 83 89
10 17 63
15 18 34
19 49
20 57 64 78
21 22 53
22 93
7 23 74 83
8 24 54 65
25 87
26 40
27 52 72
28 40 97
26 29 32
30 66 78
17 31 37 49
32 54 74 98
1 33
34 75 85
35 60 76 96
4 22 36 94
10 37 42 99
35 38
28 34 39 64
5 17 40
10 41
34 42
34 40 43
25 40 44
45 46 75
38 46 73
9 44 47 86
48 84
11 49 96
37 50 55 97
15 51 96
16 52
53 63 67 87
17 26 54 85
55 82 83 96
32 56
43 50 57 85
27 58 65
23 59 66 79
15 60
49 61 99
15 62 80
63 70
39 64 95
9 65
50 58 66
32 67 91
11 68 97
7 56 69
36 70
28 71 94
2 35 72 81
32 73 78 100
26 55 74
30 74 75
32 58 76 91
30 77
75 78 86 96
4 36 79
11 53 80
2 59 81
12 43 50 82
60 83 97
52 58 64 84
73 85
39 77 86
12 29 63 87
7 50 76 88
60 89
8 81 84 90
33 91
31 39 92
34 93
52 62 94 98
45 68 95
64 96
34 41 62 97
36 60 98 99
48 58 83 99
57 100
-9.324905791535834 -0.2178498406883067 6.921701945617658 -1.7719600038045114 2.6283074746152946 -4.1811352546773195 0.8560057786041875 -5.436372401933925 -5.194473411591963 9.069150541285918 2.9162086433016965 -9.642856930171702 9.92251637093233 4.703890690775669 4.438849217316503 -1.7900698343462373 -5.924396143210194 9.242050580770446 -5.5105794392251735 -9.044344693620195 7.676943351181449 7.782641273690112 9.255637988581483 2.223492753566505 9.71627754461174 -1.9382020608658057 -6.861681748380663 1.748982600396296 -2.309537517768656 -4.121915378972587 -9.648465848756535 -0.6627978841164794 8.201328572232672 -7.949601722378821 -1.4277284888544273 -7.382671497685937 -7.759797725420546 8.576711890697165 2.3855135399332994 -4.581664438411124 4.697458403359482 -6.2203574030293645 -4.352514923442204 -4.170657220994444 0.3525941782161146 -2.2827744351212154 -5.36143092262815 6.1248152400936355 4.153662871443913 6.994360594214648 -2.7227684170711552 -3.286887621589032 8.59822101720039 5.480060547234455 1.816710923226268 7.75249654948065 3.594661728674753 -9.643329301235502 6.001051544210238 3.281188900630625 -4.021693712290089 0.5433408477996959 -6.089030498826609 -6.245007033312129 5.203794597132367 0.8405882107036455 7.356451180456551 -6.618598351299485 -4.413763773735888 0.27162305174617707 0.38676879209082804 -9.215771953157901 4.645223774007592 -4.618048047526413 8.165920563089571 7.585610481837019 -3.063112587079122 -3.0571390786335217 3.1571432978471825 5.842458562255819 -2.155964053772732 9.41661232180683 4.133620970918317 7.091827941583551 8.431289221023555 0.1894503619687704 4.906836804430322 -7.3455336164888285 -3.5369526910473414 8.520026135407466 9.991733488709347 -8.13107471535655 8.40969849767051 -9.297243774373547 -7.4356723747317695 7.629607907905715 6.518531046295603 -0.39493669442409507 -6.3398628373814585 3.441411162237098
4.493208842968577 3.4970101612784066 9.170075216377034 -8.863416443410152 8.669133563905723 -6.345868254489735 -8.815007380147573 7.717355613487271 -7.547922441437686 1.8463205930233695 9.288206263641303 -2.890654477829524 -0.26711476320523175 1.9024916514796475 8.174558744434112 -8.181274336286677 -5.802075598736598 7.33567425184515 8.30147085589816 -8.814866783477179 -5.7822845893948305 1.7645124450225436 -7.75982224224383 -5.93922616585499 -1.6555313334018762 3.139648514514979 -1.3702009801237192 -3.5095419522305438 -5.116664416734309 9.766123386593815 2.2488614283149966 -4.278038937514643 -5.545226894658386 6.049887216495939 0.15719537051961163 -9.848853725522535 5.603634026447953 0.49115488063662616 -3.28742448436395 -6.826363193997402 -4.423717035830997 8.313726593380927 1.3486389536747323 4.577245723504275 0.7806164142803973 -6.674221385570382 3.4868298232900785 -6.17202317290454 0.7865988236535792 5.100936109291753 -2.5366791430400926 -5.725635646266564 -0.7586631859275261 -7.382091846185441 1.880364563582484 7.775989713872384 -2.469313721555171 1.195454124335058 -4.144661012278532 6.277834766507473 -6.6232214448527476 2.926070117922983 -5.610878035168263 2.955429300731187 8.151041208135574 6.639472503282904 8.922715245606863 4.270821646142475 -9.709069935882933 7.784509565895279 5.2120054917158924 -8.124094841936152 -7.702579967130438 9.360175154605393 3.331782336660609 -2.861276371545811 -2.6292341525876006 3.8009671236858855 7.212551465319472 -4.335807726347138 -3.5756098951415693 -4.219701798530259 2.4199913613316593 9.954784727141906 -9.895939310202097 -6.288677686432869 -0.5023940596008325 -8.999451014258835 8.693606900960752 -5.4619806344934885 8.100793613622802 -0.09196792344438043 7.828699982639236 6.070918382096513 -4.87053634095081 9.467249848370066 -5.205944598116954 4.889738511950654 -4.9051450804783014
0.29109853221201076 -3.378654375270751 2.2795136664712934 -7.299565847975032 -3.9577299425273527 0.27784357658654946 4.282568237473987 -4.649603792615542 2.800404925514064 3.160322717009847 5.564727212643524 -0.5228230990806204 -7.081301677947762 -2.064517590393562 3.2774028387735687 -7.706305956911626 7.739253566958388 9.909543832684255 2.4536933546151563 3.7086246454991256 0.08559412852729986 5.992918045940003 3.867547952930739 -0.5981356815549388 2.1641726080243484 5.36447619061029 7.654959718177845 -3.63810808550727 -1.5527227942214816 0.06638540760308898 9.315560039688135 3.051631872184015 2.4115915214902106 0.6065076589543295 4.152382362912035 1.796575458537648 2.2823249421462544 0.23263165153341703 -3.996793352336767 1.964894817504279 0.036822720307567725 -9.33124899657248 2.0428076155229324 1.4087594481988686 6.891728367321155 -6.7472087515349255 -9.998883017506625 0.12174861826391048 -4.676808558300721 -6.131138467947808 8.608058252452658 -0.8789834413145936 4.940112177728113 -4.2603933327045524 -5.615928015408532 6.425767783493644 -3.743799324159469 0.795536943649302 7.962885598634902 5.789846567301263 4.307985912153409 -5.942701143388178 1.212435682808246 2.706884157020657 -6.156837753014257 -8.13638148688533 -6.152310025742899 3.6592378521114144 -0.17614295247105893 -4.265565411869807 -7.552621900115217 0.165014481476351 5.702456190594485 5.631251127885402 -4.616448736681356 -3.2553512345288715 8.652972780548057 -1.8189563742354231 -3.669719667788518 -1.4012424841371796 5.023891009463894 -6.913835521136615 -6.837647054785451 6.81670576149166 0.4593863506553353 5.302715611968094 -0.992980151506091 -2.3084365676414254 4.790026992259026 -4.129147457941413 -1.9076983140418768 6.861332585976532 3.3624242239833135 -2.544484827609066 7.830422898852019 -1.7427849292141362 9.59366754941422 -7.481481813743487
1.7891610048760875 -4.966831921547568 6.928019342773619 2.8682756651915664 8.155219700775255 4.46647077788554 -4.173859935331389 -6.238953792579114 1.726706594791907 -4.3062248708456385 8.19967192644437 -8.685767471610948 9.739565332258337 -9.38852597233044 4.316910388695625 -8.543854331231898 2.1620806304314377 -4.341894836437952 2.6508027057640615 -5.107020743659268 0.17292039257807978 7.626088760796201 2.5048505489998196 -8.907091689613878 -9.231901094650823 -3.7851432543619934 0.23020016985020098 -4.383288906051559 3.234871101902541 -1.233970685682988 -5.149518073501483 -7.105151655918798 1.167486008875569 8.22510814721688 -0.20273146728991165 -4.039280788641979 8.851327346280877 9.47232608200352 -8.46221456756962 -5.223060586923955 -7.079087287105619 -5.841368978531028 1.205718802403004 7.678419744013933 -0.5453758062022085 -9.147437124532585 -4.130738238648071 -1.590395771232176 1.2169308511329735 -4.1213393954071105 -3.505390914114439 -0.26014145663853183 1.2073957713985561 6.296775740077269 8.247310976950857 0.6555136293246688 -1.9715046459696994 5.442579692104276 -9.67160734764407 4.468967430039042 3.2669251470204608 6.0029835925784925 -6.468498756385099 -9.72375865175014 0.3794799787531611 -8.8519783147432 0.13947403292960514 -3.4255611698774846 6.293881208789173 9.93022912335083 -0.26226915664915973 -2.3048000995569495 -9.039862494884163 -8.57639642222457 4.854884317529513 6.273270186447184 -8.517931777437761 -6.969135544154654 1.206860416076072 -4.445631418812979 9.740788737833261 8.111709199946926 7.425282563188967 -1.712931766065382 7.85671714245789 0.13065444583960195 8.49117685549369 -1.564824015767099 -7.8758144518877575 -7.662487312145467 2.5671884248062304 -1.840963290089035 -5.9489481225350405 5.340596390710733 3.1920248696119446 2.32880972659941 2.919200871434988
-3.541575261015495 -9.277436533025195 7.602398483723478 0.2966982700361176 -8.402653047463161 -8.75559080649072 3.168153084548231 -3.3509520800880077 -7.972918746525897 0.16226811189321566 -7.759559116588372 -9.267945692834312 -3.9293590202892603 -3.2840189866805147 4.968900129003535 -0.011713109323863158 -1.7782698051144585 4.174911481001886 -6.423643961532739 7.7726668074542715 1.8312154908543543 -4.41615103616493 -4.030347341427147 9.9297541991643 8.485296259173754 -4.770366248003379 -3.318741854935481 4.493511991158641 -7.7356445583696365 2.532982612774768 3.8502412530013563 -7.900529665427351 1.0928421152615053 1.1280024188933035 9.381021083754566 2.8797879651976865 9.489202894005475 7.506569920574129 3.551713639963743 4.085883116557973 -4.609706992520253 -6.934958102838595 -8.933427726321181 4.358946136311559 4.7228117505711715 -6.729566908595723 -4.324487623274587 -9.561867289667926 -7.294957235896218 -4.236972262211385 6.952407970590424 6.412309775459802 2.4307696412679225 2.8127150709308624 -3.6400033073141436 8.31787359783977 8.17860352578048 4.813365260633535 4.807433787906605 -6.058906536387038 -2.187981275195088 0.7229280193891485 -1.2301306838686799 -6.856858652367714 6.393106957359198 -1.314183407473546 -0.5788606741869362 7.778834711003335 -8.104844878727837 4.897600759196807 5.690044171147324 0.6783595739625925 -8.61144482603792 -3.8355313143889647 7.196887102815377 -6.614997759869555 -1.9575475555712707 -4.52736420355603 2.604492237102942 -8.93693226951639 7.188041576806967 -5.569275815138736 -6.700980325422843 4.0942679591234015 6.379331070134453 -4.66184652592657 1.2146777751127935 3.841095334311544 -6.457117753750756 -4.316279313825557 -2.339679671619417 5.8154751233109625 6.399441871701132 -0.3131764035344786 -4.618079462838411 -4.108164385975135
-1.138272381193206 -9.203967506626714 2.0409901720970125 4.2351371272611775 2.445638623219779 -6.1685862687672905 3.051179391561676 -2.3027412399279745 6.34718824276378 8.61526731179229 6.362655169707294 -0.3689173065042506 -0.47530525547983205 -8.493698378601033 -4.785227558109484 2.698659674018671 -2.917313491082991 -9.596549216167594 3.779701609027606 -7.63699112902766 -0.6910810776217979 7.547883347275189 4.208045424743148 9.746199133563138 4.565899977262342 3.8372732962571243 5.4295127640433645 1.8939642555536018 -2.38340076889785 -6.091903734446347 -7.231296400927829 5.932281571016578 1.0545164390049244 -6.660316405606192 -4.744008937141442 7.659855185391812 -5.87850255213125 -6.854588015440308 7.122772875373058 1.0410309404656592 9.320858246627564 -3.487717829278032 1.724147596394685 6.704951920648298 8.359329650068153 -7.0607588665287295 2.7132512100882566 0.21305680240013558 6.145767013179981 -1.910863132380094 2.0535033631562127 8.922107206021685 -6.211318726770349 2.0552167187150427 1.211520280820091 5.44114315799953 6.570403096288004 -8.959334631464484 3.0450431179690085 6.7415912679871015 3.7454025085422415 8.088086688350312 0.04403147323480239 -2.498539048189965 -0.6059393172694283 9.484795321562009 5.0721976379652105 -5.584046092401628 7.994744186116936 9.226345733347237 6.933642793875525 2.007400183987298 -5.790765308523607 -1.4825839230816507 -8.231377538935398 -6.200291923364237 -3.714161252859165 -3.2880839242079785 -7.662729367457137 4.836855816650472 0.4740900249205726 -4.005240986972495 -5.232121254049664 -9.044837198706537 -7.922533133510097 9.286491962041016 6.019828885052229 4.066804227756364 -8.837321752523087 -9.436241257018443 9.072483687327228 0.09012081561126983 5.940743028466498 -4.9617086113045055 3.82632840661403
2.5106169402311362 -7.396363451894712 2.7212370578645806 0.04095537847842445 -3.2842545066211426 9.621583964654924 6.677457949926531 4.429054875862393 -7.438802048016468 -8.773695682398026 -2.7694174855431797 -9.56025212326011 -3.71831584476215 2.191286383636488 4.964902760922138 6.565756173515922 -8.580546619868105 6.409747688642684 -6.526219723475237 6.813213413940047 3.3908098054584146 5.241440021050796 -6.162578275989978 5.812251570433706 -3.189248709026651 0.4237281956284278 8.39294418810973 -5.988731791321209 -5.9927667131628715 5.891818532740314 5.249368165913659 -9.239152160199591 4.318666458096489 -3.0225337178689182 9.961554317763554 6.660673454585757 -6.78870753943658 6.951077984380662 8.988073243222809 4.087285415690656 -3.3429118556844095 -8.29633325268655 -1.2103670157089774 -1.9728682758854865 -9.60884562091672 4.056394247566175 0.3426345555005095 7.084458313518846 7.606971021027826 4.4739764286106976 5.312374243440827 -4.119588059894273 1.1638977836480469 -7.437453578502591 2.1662191332187763 8.484552168804981 -1.6648069194347515 8.389291141308632 -8.503876413700661 -0.7834730733479267 -6.155285659048582 -5.474994594403131 -3.313481058590635 4.1612675926992 -9.69089421917226 -9.482382125991373 1.547977897872479 1.2003741051641037 -4.498272180718931 1.474208361599707 -1.8144726083869611 6.106038292296947 8.123493419175729 -0.5781860553255003 9.810847936810244 -6.8418380138276795 4.437406640735723 3.548833026943077 -5.3333692970819335 0.7520929904132423 -4.164000986818546 5.131249791854275 -6.937758409937473 -0.5792930836542998 -9.45243732300041 1.326855533781841 -7.791688561124801 -9.417901457477743 9.497263177916642 -0.46267436628062875 8.383528121724591 4.97696055299421 -3.3605963789459947 2.492114712205793
-1.4886724017974928 -1.2853982470449576 -8.585534399178467 7.448000421875318 -2.5124717979921862 -9.579344541997559 0.1285516311748225 0.14900402644469457 6.034152132796486 -4.136623651694067 -3.759406788918558 -9.668412380874392 6.43617734166424 -4.01955806135736 8.611064760260824 8.885648498898265 9.08023455647588 8.41619000889882 7.466413042577235 -5.533741018329328 8.232983536644298 9.520142189407894 7.3025033254030625 9.539977758448018 -4.120206813511906 -0.6858314400748089 9.389286181076631 0.9400517697199717 -6.7031855644728555 7.843375802286037 0.513543489639503 5.560942432854159 -4.487674914979555 4.435105800141262 -7.99637581632584 -2.6398388203287726 3.1783992611315948 -3.343994643492134 5.9213613130117455 -5.318522005613284 -2.402213943402778 0.009846674881615058 -0.4047303721852735 1.5094130635799763 -1.5692222783893839 -6.542774415140656 6.063418392789497 -8.634134599081015 -1.860085426789797 9.439837211309277 4.179647355674687 0.8022270486876026 4.385152701817043 8.589316988378346 3.230759896731783 5.080580061497468 4.93262283191044 -8.850007553604875 -3.3900696490486726 3.0623695509736693 1.7016127624139887 -1.144025608436443 2.8761422559176086 -1.5198179180398297 -3.5936866960829583 -9.745264276141814 -2.7392676249767933 6.581644244048606 -3.808855745881341 -7.7946299665832575 2.4220055577206145 1.5138708056281458 -3.0258477273651896 1.983929119746548 -3.089357947107827 -9.591444504881604 -5.61606641797471 4.199467428638382 -1.283723291933403 8.037049701843596 -0.8509866382903741 -1.8236016233179897 0.49817614274820565 -2.591540595812689 -3.213275952038517 -3.2417096416216773 1.9641679003132073 5.17500535411931 2.626039169006833 7.970210551618553 -2.7877252838062816 2.5025895196794834 -7.889407682785555
2.6780377099709596 -3.4286821428209624 9.72760324496592 7.039942999459052 4.456207633933027 -5.342360913222479 5.928985789970104 -9.755064823777971 3.819412949199481 -3.9072908585344734 6.753482061599261 -3.2830155301780684 -0.7127452879158724 9.300362636288906 6.72171644692485 -2.619087360856287 0.952248150437105 -1.0463129873492805 3.3553331045278445 1.2517856128127547 -0.7742668668732611 5.331267272541327 8.512962804339033 7.37312229669498 -7.618377541446398 9.780976373016033 -8.640680416874238 -7.876405534622308 4.195716908486265 -5.345029258725578 2.334820523838148 -9.796773401568794 -3.700933818035148 -6.954754475330345 3.4174588002406536 -8.868189519282122 -6.221955213872727 7.441259665773945 3.6137082402711007 2.5020074930483593 3.9935402745569837 -3.0506341886771793 9.241279307494958 -5.772381370844936 -9.215092718715747 8.042010730708277 -7.696673320470344 -9.436251697176761 -6.489964448127498 6.074097884025638 7.316022841969252 -0.2653208753780767 -5.151067250029251 7.512686848349574 4.418531708267032 9.027625432975924 8.724973040791564 7.391564225476126 -8.693804612112109 -3.7269270247937403 4.417819889897185 -2.8755205513250703 -9.096107533655422 -4.1447429274111975 -8.856813151255146 4.336173083758094 -6.101467804446454 -7.019147625334467 4.20169408760527 1.312871942401077 7.76212096924265 6.5355570289815335 -4.187083262539062 -7.7638827675334365 8.32113332671436 1.0800131187814466 -1.9362835909173892 8.94927075617824 2.868986092397363 -5.330966215520265 -3.4427068996833565 8.724151525716357 3.978543124578142 5.969204290676116 9.671678266324195 4.812992722796188 5.65316234411733 4.089205727812823 1.3065527838924074 -2.465402316156018 -1.8537555294361074 -9.373717417948665
2.151157365626666 -4.819524351203852 5.652513169825191 -5.743659694933352 -3.9665413641258995 -6.618724004367003 -4.85153804592488 1.0916390600245474 3.789937984358591 -7.027132455234537 3.770562111224447 3.524632530543532 4.635813970040061 0.0028049160382659366 -5.175463095392379 -9.403626984122809 1.0978250620563212 2.6524191269877195 -8.739820141416786 -6.273620597545133 -3.905099337984035 0.7732129000020427 3.21296391804772 3.2035576781908826 -7.676991376940492 -4.87056839051071 -2.614995385385095 5.213784119189013 3.1984585062783255 2.60932687947544 0.6356346225212262 -6.312230333022011 8.286756856745276 3.585890617294474 5.41069754527215 4.220489923406521 -6.730407395679858 -1.0268620528542205 -7.268588269100402 8.705133148226667 3.910456115403649 -4.565159263864627 8.297807945433187 -5.488236688638639 -9.222659036841005 -2.1706339181407763 9.53520129982178 0.8461440403029719 6.666515607292551 -5.43313214174558 -7.731942054325196 2.74184569151261 8.076984176329551 -8.520791308459767 -9.098425582736247 6.445913651617987 -4.202985270820951 -9.372200294258908 5.13671440067138 0.859916502656588 3.5265773993663796 -8.220675000055843 -3.4398085214721386 9.069850275168488 -7.323030506857671 -3.0402754337841875 -3.384241980076741 -5.628383450083221 -8.359272423491948 -0.28973004612646847 -5.860305628528771 9.665596629741486 4.6698413278229545 8.707920109752063 -0.6376296506154144 -2.6097860456877675 7.308850648691427 -7.9847608992344306 -3.0473560463602456 9.669131340803819 -3.093160605413423 -4.021480448870516 1.2300335855858946 -4.318310939486842 -6.155542462179411 -7.292157165436706 -6.270319303946992 0.9825895149791242 1.9876532598984498 -8.348022614771484 6.067972960851174
-5.829301877080257 4.743890921164844 5.673319916992307 -0.23133381159788025 9.50247395624488 4.0489295444022 4.224803177663075 -0.5947308388103445 -8.272272461570072 -4.804521837248306 -6.926008102500529 6.063880309121856 1.8006445480825772 -7.61373145943918 -5.96692549716262 3.444253373008932 3.8346039191561365 -0.10463686793755533 -6.871922833607775 -9.165484186928815 8.745231349780884 1.02312118223018 -1.3208748460876363 5.763036017681051 -0.16811325134858723 -0.5932401163373457 -0.8933396360068802 4.483485466384456 9.260057245417645 -1.8464073952763904 -2.3770642516632545 2.7106761513562283 0.5746460351219262 -1.7722611156261658 -6.9568452667984175 -8.763085603372458 0.3978067311188016 -9.974576003869585 3.128462762990014 0.7275583733411484 -0.033891855797671955 -2.2242265905656544 1.0750095930994719 -0.5848482300941149 -0.26475984984590806 2.785931258159151 3.3478324103537194 -1.3712014980774856 -0.019609124640604936 1.1662119116463154 4.051446735099056 -9.828957681246424 -0.23932682453163379 0.7379512787931231 4.19493287215388 -2.5892835450159257 3.9036457107344025 -7.607081268220139 -8.678204252871192 9.030482168535796 3.5154817345244616 -9.947036476745732 -2.290331554596108 -9.950236296584936 -8.910440280462204 7.7830201617061 1.399697405718754 -3.2527526417126174 5.842793795349468 -1.759104681035093 -1.9335323518628877 -2.1805920568504478 5.706502760103966 -2.9532607304402525 7.044196846066915 2.2392145149252785 1.077499140757907 0.867579062974777 -5.6280308355190005 2.397262148946906 -9.997819690639362 -3.833571268364553 7.490547760289483 3.0006421500966263 2.919850568302742 -3.886558078362883 5.1419485693864075 -8.035775543171837 -4.835081194985382 -5.966507338730893
1.388787793589803 2.845272741572369 -1.5567172160805431 3.099422193318886 -0.8054012112725428 -9.832364173705038 -9.904781547071725 -3.911170089032312 -8.210140866455678 5.940735384153375 8.889598008759915 6.645534563688475 -8.026946560255102 5.200357233532933 -6.500289489011594 0.601379439010028 0.9771981215344305 -4.139208841505626 1.2122976607749636 4.938044034170521 1.4924598887439688 8.522127772525089 4.967477938693186 4.0653638518399005 0.7814514933802896 -7.6127210871103035 -1.1941157394651758 2.6237265750597394 3.926255438470616 6.173232335028818 7.637397275840372 1.2757599335514858 -3.7617647603145965 7.307488119276888 7.121299462036077 -5.50867588563867 2.530833725663071 5.91761382302793 1.4110435096758511 -8.135259780215279 -5.955067588521752 2.60117683133541 -5.971387600430223 5.997552801380919 -4.434203406910468 5.348325349458207 0.7857613510227712 5.191237738588925 6.985111795535923 9.25306879513082 3.7139464889005924 -3.960702741253752 1.8211100582408157 0.7242400287316864 6.590055550676088 -7.17895935130191 -0.7673227362203261 0.11032950656831852 -1.0039909367597266 -4.826613821764775 -0.6172682356159331 3.179740899847001 -9.850620690040016 6.376022810986783 5.3160363445972365 -7.17838132695491 -9.237744109167608 -7.295050743044158 7.637996263792055 7.8808296803274125 -5.641131230397858 -0.889366656722892 2.8091090372334238 -3.2178384390424264 -9.080042636323586 -5.673960593585243 -8.7311891362105 -6.70594346985655 1.318684131400778 -1.3016203892712452 2.3185664405002537 6.051049834715632 8.906875739043514 -6.660894606426762 9.700168337553263 8.314888663190171 -1.1332216807093554 2.567525489260194 2.1220778701156306
-6.83781573700182 5.093962911441576 -6.741681587347166 -1.1592314502624945 0.9300309960970621 -3.8931569067239002 2.880940476219951 2.707003706825304 -6.6528765840283866 2.8567498335130326 -2.5231995719536893 -5.034832250111377 -9.913291990549434 0.19605958620377395 1.4389483934214198 3.958276323317158 -3.6200495521222664 0.8053176089700242 1.1696156983138972 -4.723736492947978 5.2101157062381525 -1.3105005867301944 -2.6887313834731463 8.730704154210427 -2.33394390830874 9.31185668915116 -6.695079190393254 -2.5373928792953016 -8.568085531030562 -4.396901393586143 1.6748633279116465 -9.656476527654917 2.116866563422124 1.276865451593805 -7.574403454365129 -5.995173908813253 8.574484614966382 -6.044700359824109 6.108365125311832 -0.5557029649816836 -3.3987975084721533 -7.276199464159651 -5.62968502977464 -6.908128257404636 9.687749665654387 3.116329308178767 -2.3262855733335663 5.139724916253925 -2.5448929351727556 -0.5500284474784989 -7.251501225523544 -6.700208621602755 -7.303949971565267 9.864760158843964 9.614456858353863 7.131731943685664 -3.3624752223629772 6.206386089254221 -1.467025102596251 5.817195445087586 5.741642978315875 -6.7518549177153275 2.6427055589689163 -9.017623571123854 -9.890994675960936 3.176473364810648 -2.2753554960430367 -0.7760075832810531 -4.892049748948035 -5.506432813048249 7.680019063805612 -7.967574637500448 -4.047783890256957 -8.038234458296916 -9.336229471882529 -5.161068804579454 4.284716280936598 -5.346157223954105 -2.808043184267104 4.311317190599269 -4.60172215436004 9.376605061690213 -1.1110918969230554 8.286266403093506 -6.73617942681836 -5.038850548474187 -3.9548276286390527 -9.882450772433192
6.733897720399966 -2.7545137679019005 3.0944365137822616 9.847236986313952 7.74284178134605 5.334632796285399 6.203672175337383 -4.410017193511317 -2.739359365518834 0.9807894929144778 7.386635406867736 1.0193936868215103 -3.3845803766407068 -0.08697903775783722 4.8706857285657135 3.7279841668025537 5.330801225396482 2.3461786886767033 6.192383224626887 0.9298444711118958 -1.3429320348955387 -2.1745492739267003 6.315460226347918 -9.98739365133858 -9.808013665268083 3.949882783383507 9.820389455473205 2.432392437921469 9.9489072159964 5.407700878004578 3.0206921718118007 3.172651909436317 -6.854678112695649 1.228676492910008 0.13827100874956866 6.5632407456041815 8.188124293890189 -7.25101221755899 -2.918861457006958 4.725410941398462 -4.379887817520441 -4.036888809495485 -7.795925439959901 -4.050087834200906 5.1715330050524955 7.0282086125082905 6.27239728783824 7.271759875264577 -9.720307512174639 8.481343903879115 7.5434653058500345 -9.529929120154693 -3.04889554445422 -5.128479001201489 3.5776415429942876 5.541773661625983 -0.511470315827478 -4.513809259587578 4.031358871011889 -5.342351653326107 -3.598478626868997 -7.203747084181014 1.66472379773005 -6.810121154679574 -6.200948693684046 2.6227905587228872 6.814748494351395 6.267655386391267 2.6987171011515243 -2.908564759156953 4.396257474774088 3.2595710530933286 -7.026424400999886 -5.147246655163819 -3.852416266199137 8.917508238076124 -2.5205801710396836 -0.3846742664330405 0.6618143277384947 7.690943584084719 -1.5874766855490985 2.590931957531337 -6.55310182159943 8.766342659814185 8.235326411196064 -5.888614075664842 2.992251059340063
6.119257831762985 5.082039925207451 -2.493242129225006 0.8981335401745216 9.585005976687068 -8.876294406433367 3.4086403080209005 7.398108137338437 1.0992890256239707 -3.2405929277485845 -0.0424030287667021 -7.377161955503764 9.910120693686391 -2.735366447091152 -3.0207853033253507 1.0246291569000565 4.518447685685438 1.734692550877741 9.926833680057443 -2.81012066619702 -4.899827640653582 6.532428060772455 6.12239294092287 -9.94761921985987 -3.9752424204848724 -7.245535100655474 -8.249063615104662 -3.801898472399632 -8.70526058363154 -9.141630821085336 3.101085704901194 4.588758607195733 -0.09031792760099355 8.77628292779669 8.165167857771463 7.970969981954408 5.326201971177486 -6.9130292378236735 -7.903627425877541 8.634254273349168 5.620470772660145 6.076417431848684 -7.112094142412289 -7.960892098806653 -6.465646809094312 -1.1622842257371446 -9.080861037234197 -3.3589895245592127 0.8991810519791832 -2.86364624879903 6.231614437934272 9.805759451362219 -1.0743060479297473 -2.7211305422180265 9.699991817113125 -8.295801319566065 -9.861498092734632 5.260333153113967 8.56368153054059 3.801710468549213 5.986026042758123 8.177561111006904 4.888497451407785 -3.0043546204094262 -9.49342726380455 2.9030963468046167 5.720906331861208 8.464687920315765 0.6187699712118988 -2.273649808486551 5.637323126270541 7.158507045323381 8.38622454008667 -8.517434520875282 -4.373084584795841 -0.09440097560850624 8.200095030661451 -2.2313504222595992 -1.3642940577814966 4.000344940041989 -0.2916488782975346 1.5350451123822495 -6.313413455675705 2.950313883832607 -3.187575770092208 9.682607167834705
5.052723246766046 -0.6428140683949035 -7.738576796183658 3.309427028913554 4.735169972870601 -5.391840180230101 -9.08017525286004 -6.037860971859052 -7.901616803408535 -5.173793245997739 -2.093471385348835 3.8089020001249385 5.283606827433336 3.0046849273847953 4.502460473540781 -0.6438236138734443 -3.7544205745238535 -2.2778741063296737 -7.4727576605887975 3.2621447231371548 6.629660395553982 6.735619274408686 -5.630076811223354 -2.688397692502207 0.3658006984613471 4.680186275176556 9.419008063646546 -0.7668518023510229 2.9625636308387326 -2.2009753467742854 3.347164581894333 -5.804327357208898 1.3221757495264463 -4.4981779453420545 6.698561301024966 5.714663937041218 3.5469254813791973 -3.5362561335666065 -1.441060961143199 -7.100162449801335 -8.743352199674852 0.6319189620495802 -0.29619403700696045 -3.7561838731335917 4.963262345620006 -9.088211105509886 -1.0157185327214746 1.9254387966922204 3.4772951923830298 -9.409797476697177 8.911907394789418 2.5028642325866324 8.70095396823718 -5.727274045098037 0.9853534253870033 -2.9760065991440654 2.2127986260323973 9.492654550774526 4.081308422143133 9.51932187245866 -9.232711437421939 6.00394136547032 -0.7363862429378387 4.895168779171108 -4.335776793567474 -7.499140780952698 -8.262324865266862 7.359388848280746 2.946707311266328 -0.00297757189495762 -7.186010462945134 -8.904589710200234 -8.856668346518006 -7.635643948482469 6.595600731408879 -3.6701052710010607 -8.79962483589752 -4.09706673394999 -1.3509821257987586 -2.2508155714911116 -0.6420932388556455 -2.9247876930700722 -3.3920727646746784 1.3459335825854812 -1.6774588074917673
4.333173751946678 -1.579878251404352 -3.2060511704777617 -9.073954214879098 -3.722514770324632 -0.07259434841812906 7.224209670348993 -5.68541606597239 0.8563227183837174 -1.998619996162232 5.575139563504288 0.42989511948725134 -6.349402802534501 2.3068409556375102 9.56820575970361 -5.534170872607824 8.955030728362507 3.6392551958022845 -2.8951608359354153 -3.4099919542424084 1.1005924049933724 -6.542918618285258 -3.7715716632988827 1.841627118715159 -6.344478496570569 1.557306760901167 -1.1601978121877088 2.7106671743676825 -3.1831026486235925 8.299466023677644 -0.0735362119044991 5.188269831189851 1.8826181350286553 5.472577710562252 -3.3727693991407026 -5.274093145319856 4.0852725768977365 7.783973862174278 9.919056228911543 2.011468671521177 5.058560987783014 4.675535703898481 -3.0258340422201124 5.3416836761551405 -2.406131648934866 2.5084654438081055 -9.322944478710527 -7.012715254332289 -9.360376277040425 -5.618605224495877 1.984376742666707 -9.529846077022032 -0.04166415543376045 -0.20870421325395183 -7.559951390274755 6.25068267207139 -9.223930929967601 8.308297577373056 3.841260369978867 2.208304877685223 6.612165836026611 -2.623452515064837 -9.275979202511227 -8.231779894549856 0.4635383645047142 -0.44973716350256154 4.5994041870882585 4.337473460639572 2.320604751873905 -3.719623108244823 -0.9312717585169716 2.7002696006588423 -7.252556369555288 1.7836799653135982 -1.8786729835153126 3.5103227071389864 9.91552429723213 3.8490392642933546 9.136887290602226 -3.273560271518241 -6.035482005343519 -1.8760062169989067 0.2667313220341061 -6.79960686201047
-0.8906013341006136 -9.823711015479468 9.22290501660633 8.144288821423602 -1.3107248802581384 -9.649405184118276 -5.5913450744838915 -3.313424227972992 -7.113563847731186 3.3832579791508754 -1.458879315527133 7.985681248396467 7.770298693399327 9.454299390647218 1.3415846690576338 7.729609702439239 -6.702098726240758 -0.3921263249503193 2.274117074375195 4.672643934076102 -1.1802121504253615 3.6251376490433773 -4.375469226952728 -3.4892228755821475 5.7701746357861605 2.287329999972918 -4.8663238074099 -9.079817627869836 -0.5366870306835736 -9.201766910125198 -4.147235264903011 -7.336930410022413 6.4803349633011536 3.818161580798465 -4.955510128022094 0.3112324579706227 -6.388294169271591 0.021671769741058444 -7.79068158578368 -4.892910825996406 6.028268409391265 5.408501349559707 5.962108620277915 -1.3615003854984176 0.6555312095998755 7.202756754436668 -2.519441495525927 2.322210563555198 -3.027112483253862 1.8149454266759046 -3.262307723941207 3.4987193223354884 -5.453836655433109 -9.989177939577214 7.471896027374587 -3.2741425470712526 -7.004901708629847 0.29674315677137075 -6.802522307383336 -9.611933433017876 -0.9305651620220456 7.587654868505698 5.840624836583286 9.356288742621137 -6.923387836963418 -3.3310710750404238 0.2794348750007658 8.30289608318849 4.278067822202951 5.160549135111472 -7.61561700838431 -3.732537791861701 0.9401506783850899 0.34687639254193714 -4.475886164379053 -3.9701420337120763 6.787929828416144 -1.3742468378378758 8.390885211801976 -5.217618319956207 -5.8172695034228 1.2463405202487055 -4.62868060061874
2.543239296974371 -1.0097400999810269 -4.62194527759161 6.939585784170179 5.426960267066924 -4.412909004931793 -8.006914443420147 3.257262298009007 9.890853443015498 -5.577791480734069 -9.267359401474472 5.419163400840459 -6.677588012335535 -1.5401650832950509 9.410616762931834 4.278213331912768 1.8591586997511955 9.430550522847692 -4.906415804605084 -7.996240294672279 5.491620579504035 9.750031728712663 1.381318839659349 4.507171625958368 2.5560054469768367 -0.2854633075530799 3.076245917471059 4.830481513612773 -5.891303799424417 -4.634401031147515 1.3668613504555127 1.0098931734575989 2.158534006562993 -8.429919564749163 9.871377690946385 2.8077002300688148 8.830675839317522 -2.0319233570465656 1.7658402852180033 -1.1822387350531915 0.621111018154501 -2.210962695568519 9.550840025046181 -1.0117447893941378 7.7594950701206145 -6.112735802537794 9.746369290197194 0.788207901514244 6.248159277344678 -5.8410956195455865 -5.631476183438966 5.375984300402585 -3.1584226286798067 -3.319701676719664 -9.884763688202975 -2.9404629958673167 -3.1046833151398734 -0.4134877698902706 3.9130359240131884 7.190113343160061 -4.613936409293567 0.5512021079641505 6.869701700079711 4.417846499304119 8.08502286054836 -2.668142009195378 3.14988807575475 -9.041240291734152 -4.2035206703207635 8.269401234360087 -2.9418473542889867 3.93273334193319 -5.711689245665987 -6.214230055313397 5.5706847836446265 -5.240579534156799 -2.2318869702475475 0.8031103538359541 3.9560519272204298 -1.2920448531614737 7.0205517938047235 6.827251518472719
0.8403759251156373 -9.11777748028687 -7.554317320588735 0.8350611512530159 5.8918916947237765 9.94193279650517 8.178426023967836 -6.037289519520499 3.998339480625195 -1.6276300517528708 5.231957402245326 4.76780651268027 -7.158752843411557 -0.11796487909495612 5.646266979597279 -8.92957119547961 4.659695102804924 -9.871438712116035 -2.8545682334846156 -7.323009870033093 -8.12318554376786 7.786764367331182 -8.228308694030616 5.652120589185932 -8.218292907758308 -4.018455316093668 5.129496372409708 2.648682428916418 -3.169272637966054 -7.74424160804243 -5.795569501475479 7.132690798276462 -3.7090537119101485 4.882126983477615 -8.466779645086788 3.7113709085381874 8.645323783948541 -1.8006282483746072 3.6778442760427543 -2.408109565795997 -9.032544771936033 0.2572362779073467 -8.783719189916642 -8.04516898783918 -5.845090029586109 -6.710930697144503 9.851632056095825 -6.273397458859478 8.539264172245304 4.308953423471451 5.934014283120224 8.229745039783694 3.337804171051486 0.9846377236116854 8.247319403551147 7.982033587478097 2.556390605094534 3.402722880448572 -0.23212350401140558 6.657069108312122 -7.54194882155387 -7.018501819911682 9.363328381979102 6.414145470610803 -4.633698475750386 1.1332867813844216 -4.075861920420028 -0.8691045061675395 4.711152823798872 -7.582979219024484 9.71414123930719 -8.15188654478204 -2.70249912203528 -4.596117149662977 8.86763906284633 4.776137398454752 8.945893397852691 -2.106207792662864 1.0591844476830414 1.7478529434851398 -5.044871671730126
-8.455947941046935 2.255995735386309 -0.291917955533203 9.80833480767652 0.7915464892432134 8.692248124403756 -3.1257264321731126 8.488147581093404 9.595494881748285 5.384816954048539 2.4882035995411678 4.788876164895417 -7.039878055059008 6.1090143680331455 -9.19025005407061 7.260318811958735 7.3417446145666805 1.2792518041282142 -4.742041010132305 -8.682425547316171 -0.14488557509008348 -1.3529730354734393 5.168324788343872 -3.6730826767130953 0.9219250880825247 8.528514882649285 7.113319546337835 -7.632113489265646 5.250390975540837 -4.172327984121176 -0.5280936646263479 -9.550431286481453 4.530913652826724 7.155079102218873 -5.452806039837743 -6.512164270410235 0.6028411080879303 -7.07643201908859 -5.900832075849831 -0.846700818206656 -5.2312478075184625 3.1037388681615674 6.854910963518018 -3.154665578115292 9.775181780056961 2.84225090100237 -9.226159985771558 -3.274359523603705 1.4170913606401037 7.900167489806318 -0.8322681303124435 -4.29534447293803 -1.1337184267744083 1.7480325136376385 -7.01182451488916 -8.782436947750984 -7.1936963815243775 8.210470672741588 9.827954984905068 -6.1643497129186775 2.583277326716502 8.295155667694406 -2.3138039736508387 -5.281663338379355 4.262191187091746 -0.7114895768695528 -8.969416601245392 -0.43703493137067895 5.112556102573289 7.145297254367726 -8.272569433170942 4.962874126166743 -6.191705092769537 -1.6442119400637334 -2.7950304736425013 5.29219522611192 -8.972135186086698 -2.8195229636855212 -4.124317810982534 -3.2088792730989835
-3.172633738200812 0.33250466651484123 -2.396038192639336 -5.969192033078303 4.855915590467854 2.647093218293004 -6.778814081477815 4.547894149140637 -6.899657816439195 3.3611044702784465 5.039727663907303 9.117606288654228 -7.032426394241373 -1.685634630565065 1.0504838258336613 -7.792212814288715 -9.677029360674583 -9.961017946414108 7.159472724864127 5.345428943056152 -8.422191362031777 -6.627898790661584 4.118496191687266 -7.749010973961519 -1.658356469781892 -6.711432282489433 -1.751503916241477 6.049157985387977 -6.11188749567871 -3.051510019745418 -0.2565266414962375 4.511084655826922 -4.484072647044912 -1.74535301222279 -3.518928740555307 7.2147384813374345 0.3229410766497476 -4.963095458999723 4.645035197767382 9.117648524129393 5.924811385930326 6.905252256358914 9.865069476774766 -4.769284713675277 0.682189434417193 -0.6701637242665237 -9.179601624065786 7.248606050112121 -0.2958817494919419 1.5139747678591386 -5.856185606181574 6.066679279709881 0.44452372091465353 4.700791284200932 -9.602217464847813 -0.369414818685212 -3.1737726963217283 7.4162050924985445 5.066608040013696 -5.036557391388463 -2.1417213282589675 0.3386863010052732 3.106734683199537 5.276361732901027 -3.0794677498993805 4.279444328789728 -1.489267873058584 2.8462486797033404 6.804112378253249 2.166340030628928 3.490648835258403 -4.887334369625053 -8.668134566372936 5.012127720547069 6.451376688506354 2.390277671524832 9.025917814506347 -5.167360048866119 3.806344512223112
-0.6278387359212623 -5.830816168987949 -2.485233940128897 -7.3828593620199285 -7.826537491233174 -8.254089510251303 -7.243772541870516 -0.11957015087694423 -5.9617335826516005 1.7497661334296666 0.17030625556806456 -3.802757926307614 -3.554377322166369 -8.188821704765047 -5.4671063537306575 2.9778061573731374 0.0596693888983979 6.969618553341109 7.897996715373214 -9.997991137120133 -4.5189994963643265 4.515345668157826 -1.602233926455785 -9.237710319139667 -5.637512410932581 -1.5124297273286036 -9.155259164752119 1.6205266435680499 -6.508957070177974 -7.813182995134465 -9.075374998141399 4.399902491503685 1.5222940924403816 0.20639103792258418 5.197537993100434 1.3285393972637238 -7.447529322091258 -8.415322576461062 -6.677352102278869 6.29450061434091 5.921453274364177 -6.258197155928875 -4.0317693859756805 -3.9108326154400785 -0.20355984882314715 7.094892513430353 -0.9535367646750847 9.794637088217053 2.104288459002457 8.4380106618136 -0.03204014388626275 5.513289210862298 3.801976862987817 4.4829606285798285 5.1541653337015365 -5.512787317799961 6.934638625299194 -1.083595955652772 -9.406866217835535 5.099872907248118 -0.555507440853269 -6.361004312942051 -4.014060691731265 0.33023145115570474 2.838243661093105 4.138048818834217 -0.3140729332216319 3.6191843784365263 -8.80620382830614 -7.287037365769258 -2.0443730072544875 2.4180459548779187 -0.5044903042105497 0.4868245117144454 9.900040512551625 -9.261751935442852 -2.817772910002292 -3.3053795460038415
-4.906303687828575 2.1572895563093852 9.99360576687839 3.473855303410558 -1.920725153577414 4.941785692166281 -7.018986599644503 9.540316686178098 -9.394342271461483 9.537182691628018 -5.450079623207542 -3.7305549912518843 4.349571299592412 -7.221975333904 -4.90244184023793 -2.5001813362338043 -5.98924037123755 2.2531951553734086 -0.4681832509962436 6.450727863434853 -5.512418922002949 0.09322848500131764 4.447532885494869 7.328816390154875 -3.167948642980589 6.89557570873085 -7.111097177020238 -1.0434394518278278 -3.582447230662962 8.035890003765934 6.700269646641166 2.8472256768544835 -9.179034550988714 -7.477710851276007 -1.256748476868108 -0.11087603489152942 -7.019707434832958 3.428925707337831 4.221753857269568 -4.1939304313878285 -1.7990061963746529 -7.708760683983584 7.710857624471457 2.6853076992723945 4.505531540337014 -3.6795346827015507 -8.78118604470276 7.618351157451098 0.6936735618551926 -4.968808027262337 8.918555040933601 -0.7803093124350058 -1.2105676170303292 3.8948228435828014 4.472312360709834 -6.733753336383758 2.8702701987944446 3.637792019726489 7.229803547350288 -5.961968158777213 -4.224322075878213 0.8942584733125858 -3.1037102624708535 6.551627410534189 -4.686185388089148 5.147786651734321 -0.056934620590838314 -9.19675356632273 2.9746623209008916 -3.3938073614217656 4.398818914874356 1.4319548728603104 -3.4461151142777235 0.3535583839593093 4.1952863318533495 7.412020089970522 -1.4290052007244758
0.6973505721166373 -4.892056616086933 -2.3094315832009116 -0.7350897132373602 0.6379633066355117 -7.514600697992568 8.119947896257326 2.5504405207705205 5.896904679795383 6.035439956388706 -5.077578091033656 -5.201661591488738 3.3650286801342544 0.7561513027211442 -3.7396092159366767 9.881081990176032 -9.981342661018148 -3.9377218304546213 7.094962038278931 -0.6326206084875197 -0.5889240036536636 -9.539212436378161 3.550522460957457 -9.2743679833805 -0.9886512956893934 -5.911504272704045 3.6670965406612677 8.28383010529061 5.09327346650111 -1.4465866538725591 -8.691981099039747 -6.705020872686394 -5.797264797946711 -6.083010680038836 7.556663085142279 -9.37875179602318 -5.0786936181360804 -3.2553690390642154 -1.5063892917777233 7.325224275760441 1.5122835245325983 7.531997810230959 5.652584663150417 8.937602537068145 4.348694927640042 7.154312150818088 2.7095185760711082 -2.583411166991807 1.2137926180859115 5.822144860361553 3.9403444545983346 7.999630368841033 -3.124679367916685 0.16891666565357566 6.809503427181207 6.2585092431524 -8.167779678047413 -3.5854100858774918 6.573000841459904 -3.1180304730149366 -3.441056170433512 5.980127037306793 -6.154146316080316 5.972684712142408 -1.7920418601808974 6.567459351896829 1.1463569151462805 -6.4562376593520625 -5.88701742172926 -0.6940086834655412 5.355935054791803 -1.5083841470536163 -5.551385421854711 -1.371552579055546 -0.837254879555247 2.3005970961108435
4.981161347140654 5.006811285172423 9.944293725110942 1.3548692072954394 -3.248578783399305 1.6543798162752221 2.1004812376755755 2.6161528209910334 2.4524764789076814 0.07015516248330744 -9.982442057643574 -8.843765471557036 5.924991785595523 -2.19356336620258 -9.563184929565784 7.583539203693006 -2.8365113916264417 -3.2435480419332774 7.475168379731403 0.9508758211643076 2.047357063029116 -9.334731907662404 -4.575274276211183 -5.896463187197803 5.2307370218709215 -4.278551352212812 8.995364913245105 7.637879739735833 7.207911445383159 8.395292878126103 -3.3021380499844355 -8.687058487447835 3.650636848060096 -1.5440493004274924 -2.820833121843742 -0.426313307605537 2.3245159208293775 -2.7818318095152383 2.8320828180734625 7.800112764474861 -9.827589555577843 -8.000921299704725 0.5078275188701209 -4.100436403507115 5.898473077628386 -9.054530658711746 -2.9718880502493983 -6.527334112961043 1.181799166697366 7.831931948340294 9.183962214318854 9.09340773891273 -0.9713210573405084 8.848378983358867 -8.27752634007969 -4.448184022737811 -2.593619818626718 -1.246528627288459 -7.412034449920329 7.36807389373263 2.548041427343972 -0.24103569045692552 -9.83200113731855 1.5668288876266123 -8.739581774393436 9.073835503930534 -0.11007659309817175 6.677342502150319 -4.502810173891931 7.900045513105409 -3.6721179511819613 -1.7863192194519883 2.3661559579702907 -5.988275201662534 3.6074704827939508
1.2166430693293195 6.7748807459381695 6.7444517628148954 -9.769148976193758 8.05805013322811 9.027443007645015 -9.451623230264408 1.6577447359388975 -0.11457179928502592 -2.207637156253306 7.290087711503473 4.84082757610333 2.0416988871522856 3.0518767552754644 -6.449402638308131 -8.48966810923698 8.798570045565071 -4.1169472644275125 -4.043424683831769 -0.3691033794319831 -6.2711412964432185 -0.0329428481853955 3.839839024803644 5.275398504434801 8.411348410942896 5.435445402704053 -7.107291700304065 1.2002250038553353 -4.052242688573095 -0.8336762734248082 4.841539166375823 3.6500780940525557 1.7870562355190778 -7.654826659922667 -2.218280890655522 1.9432815913321666 -4.055246149526073 -5.281534663052739 0.5954169676647059 -1.4441467365485194 0.41782428549498096 1.3701950137733254 8.487342352164678 -2.59689610264465 6.964857937675197 -7.812284456362355 -4.902149755758181 -1.9845144364740364 -9.202666021119034 7.807206864211135 -2.610942690373974 8.161084448638311 -7.4575205281419095 2.346430556646286 -7.0911646619197555 0.5618331534368926 1.1673747934107315 -8.545295610100466 8.125902826499495 1.2063601387126877 8.542869585995465 -0.8780277975388873 0.39977375528657433 0.22592513069808584 5.961256507589255 9.254840563344137 3.2709813553365974 -1.9975114396146654 3.5473772861333175 -3.2463968205322247 -9.184348108339883 7.674817796442204 0.9265641932552704 -6.85722416089842
6.863222076391948 -1.7229849826049715 5.359853526309917 9.809781040739807 5.674802035788302 1.5900344394609012 -0.8235139328938179 -8.70726671269047 5.417359958153643 3.093672074483702 -5.185236663126878 7.323859306045753 -1.1021005667198414 0.3080257676603093 -1.552670230248081 3.193306220843173 2.8178136179813262 -9.181589624200875 8.072408138267573 6.550229191222698 -9.68500145677043 4.122683079325434 -9.672604885421997 3.920024218855056 -3.246061165300982 -7.34746028932814 4.895917808321679 8.873155003423767 -6.622316651433302 7.161249680671464 1.455306769717979 -0.9861017405059291 0.17326976682174644 -3.6413889803174815 -3.6417325970215675 4.358707136467501 0.3948485945383795 7.564650717364878 7.632224286149276 5.4235390587424614 -2.545865613863676 3.940255344684054 -4.558169009370947 -0.4506133104473542 -6.072878953557124 5.9047917090345114 -1.1574252643270655 6.878477601786759 -9.378352225767939 -3.9873163730014105 -5.618156708203925 -1.6797090077365207 9.237829352408708 4.0771030647333495 7.816383858970135 0.1841335392013166 -0.8490516146919336 9.957968236241737 -0.760603851638586 -9.91936543836739 6.098298008221907 7.857572912460231 9.963314006503959 9.631744635938427 -6.858450968262925 -1.4414764832881688 -3.4683584320192407 7.052477348460595 4.0007226628270365 -9.429276106965357 -9.942278643867162 7.186518480956574 2.979919007234668
4.028536168756758 -5.286070623591699 5.818352889897758 2.059962748671247 7.0132456046387714 -4.926781234341937 7.480381595546843 -5.351911412931156 4.834214410872892 -8.602494407831184 -0.7252346747710559 -6.815002851395371 9.148812191201493 -4.007966780358174 -6.806358085029736 8.894916434306662 9.152221083048577 -7.922180449868003 -4.049146278981912 -8.427596230361036 -1.2567227727480068 -7.1266120649723135 -5.316588244454823 5.885557527888919 8.223268944487838 -0.796533212391537 -8.837504617221832 -0.3832490980540304 -8.384137235649764 3.3892365653326983 3.6102898577547937 -2.364057442326579 4.583883309551404 -9.621586588781604 0.7681038434709864 4.678301380355647 -6.4141393904299004 9.330099495364943 -8.652196237347123 -6.393297082041007 -1.6380930951330752 4.431637612581911 1.7736275452486217 -4.731312049866783 3.5981335569824546 -3.6798183163278653 1.135501775996055 -8.748250369394468 0.5994876508016267 -8.97937060318026 -6.026999062321221 -6.8509918468289595 2.751854557907487 8.768039192640401 -0.22196727055429744 3.594772402618025 -3.1283764775570178 3.0228334997692974 -6.111600840135456 1.6055178678032522 7.864264925071078 2.6406667474027223 9.859201814323464 8.226201159939135 -7.5841813101221245 -0.7612110802105088 4.4091632699462435 -6.629990951655886 -3.6155416210890157 -2.2661629949626882 -2.2860988220238188 -2.365527453587535
-5.33665646636631 -0.7001682712752277 1.6809248667329735 7.440804672183081 1.2452726195095543 -1.2434297827964902 -8.680142196738458 6.783790081055918 6.857459385097293 -8.283995115456989 2.339380718322417 -6.089047359240343 4.602435085396149 0.36162641289024355 -5.207314058720909 -2.091916345503513 -2.4431822201332443 5.872410499148366 5.463677168108607 3.3581854527687893 -0.24165973924597184 -5.856338841186144 -3.2063777332262555 -4.9473114335310076 -5.235146401886008 1.3395661575036533 6.947953257976234 0.6085851534041486 4.178359561509575 8.019170117632575 -8.50754399190331 -3.8371074057020804 3.609913376413725 -4.609488218965387 0.44203237412254515 -8.699763492206852 7.840439378839658 -8.714249649404394 5.653668930910318 2.533599069747605 -6.962321289781621 -4.9660662367467285 -8.66335430053285 0.45594312021911554 -9.079391272690525 -4.852409789155407 5.067886524970859 9.411174185942476 -5.405904544128736 -0.8398764877242448 7.600474308481802 4.6703837928163905 -7.382752182656482 -4.030873400608099 -7.29135197117049 2.8497393221711698 1.939829325698652 -9.729161494663703 -8.450304979150719 6.05399349353884 1.0993541118259142 9.58905073317412 4.511981181041476 4.19458643161035 2.5557270555591383 1.7468171217460848 -4.409020548702529 -0.5127991985688651 -7.6861418814329685 -3.061763845966188 -9.729729947717335
-1.4069336017085354 9.879682597665864 5.006420610390516 -2.3277885969355405 -5.619502181265982 -6.943391632756704 -5.861387040527872 9.80889463413008 -7.943504239164638 -6.830146958847352 4.476043205549908 -0.34775089611621457 -0.6004889952361947 -7.718058289219623 7.782762352782759 -8.985683939618237 -0.11620469222057839 4.679115271865582 -9.903393434678609 -6.5587988930694685 -4.876025401956903 8.214744897592368 -9.03761549573188 1.9021092744982204 5.798979044991093 8.058547358440775 8.234080070427478 4.8400226940096935 -7.905606591351266 -5.788697618372138 8.1820518522767 4.151536350721694 1.6338505197362507 -1.468978808903194 -4.110233317101435 -4.91837561268232 0.08492182513331503 -2.811252348260629 -5.426043577000767 2.0214402794236097 3.4889555496625313 5.524746765542766 -5.614605574248941 8.740984199725087 -1.920191102893456 4.687867366360305 1.8208803820477004 6.759418520155142 4.469436426089244 2.8721263031082533 2.25279525899464 -4.7031868585408905 -9.156849365681673 -1.8468185011114846 -5.199280202614194 -3.2253522752621855 2.468317672727691 -9.03802125341732 -1.206545846799334 -6.471537985642211 4.912099830057006 0.48326631775536866 -1.8203258548354406 6.893457340324338 -7.891370608248131 -1.5399171003777057 1.470546129124839 8.027614722286959 1.5582302912439006 -9.94649657741398
-1.3972980580579897 7.1258047313256645 7.577218309063715 3.0185783473798566 -5.923498816346489 -1.101914225359104 9.222283208344027 8.739491296627754 9.08034147244328 -7.543290831752509 -0.626814229408259 -4.912369546304451 -5.406253736818787 -2.1457960556025335 9.654217323101674 3.357954513948196 5.3048821267312585 4.604105118786224 8.435841377998326 4.488106173063646 -3.260632587110921 4.454112880356278 4.509857426155071 -4.994660167846627 -4.326387894649528 -2.9758495290252585 -1.5059498179355035 -3.5587822294329974 9.120192761363935 -3.00078857499974 6.060220247506695 -9.049270638263746 3.597318553550295 -3.6494083281419587 2.4547351236042725 -8.238653762850468 4.9976092900500095 -8.86253895557518 8.531647179270527 -3.32239476641365 -3.4346642992742993 -9.611758375919027 1.7457820657029055 -3.51921075728469 -9.002878733432766 3.0198988082205136 -7.375662524514228 2.7750025944622547 -2.537509426136715 7.545692770562931 -2.877213782381365 1.5405515100474654 -0.6339405358707872 7.019852165846727 -4.7761660945529805 -5.849822593028264 3.2434296386633754 -6.554623364009007 -6.889426435932268 1.455344304763011 6.2247841909758295 -9.747414876602766 -1.0948948511829548 2.4994798969012955 -0.5603064029639504 1.561231782517123 9.989061007461368 -0.6957446753800101 1.0819397762258465
8.462350008842616 0.7394817341408211 -9.113849688117057 6.094006139588362 -3.5847585304480267 1.7029778862514733 -2.955140918432222 -7.469641636600439 0.052151258733765804 4.6277993358839 -2.442998055948309 -1.5396171734786845 4.765854217009311 -6.031118961945776 -5.438252143927118 -9.795007541163482 -5.855191999454002 -6.097233037002354 -9.61184435065668 -9.335234618181563 -4.994112846567258 -3.2423238736650717 8.7825607035001 0.08707301807930001 -9.700139832658106 2.90966434212242 -0.7750880342124633 0.5407385499709116 6.419878261005019 -8.548357293677993 8.995738870687674 -8.336445484469149 -6.468746877398561 -2.443953910145882 5.433019159022086 6.26005563336502 -4.903283824966966 1.5325254605536975 -6.350757920312873 5.221256463596353 -7.451479659908666 -5.7774859924308934 -3.8649417266983854 -3.1142550730340735 -4.937600124549409 -0.8395367049755387 -6.647914523102285 3.7558057112174725 -3.895310168150088 8.85543768859472 -3.6026021076168013 2.451031905115919 -8.495880561059 3.3881171056155956 -2.86171814463849 -8.369620843362252 -0.004104299634271058 5.71951748779404 8.155321732341626 -5.028102974770414 4.689461436988907 -0.2007171360144855 9.341576321705798 5.306613551174076 3.179852601808235 6.329351159840424 3.7870538030438494 -5.812725275865884
-7.941555681428499 -1.3469090867438016 2.9335070556198173 -1.671817319222424 0.35285912109956463 1.446201989413578 3.116754587217334 5.37385223595906 -7.90822348086736 3.6837003652245626 -2.1572210128339986 2.5319114434203893 3.322642124353745 -6.881142667057891 7.994667563998645 -1.223488557852308 5.131271200709597 -7.232892076025486 -4.2131726984976865 8.387534782294079 2.4959454023054017 3.2430515010436656 7.075035606373115 2.9780350495405017 8.106072875203472 6.4746840606487455 -4.813879101714003 -9.814631186043632 -7.884804434352746 -1.2283687331265791 7.051143336690129 -7.9380745958396615 6.920210072572068 -0.8181080941849284 -9.83680100993471 -4.438495858864975 -8.03252234933665 4.3078794607565785 2.0252007471585953 -7.341754695594085 8.112967491152911 2.0546319154745607 -3.4766019004894577 -3.4980176244090777 -1.8335700015841172 0.855908785078694 -6.528304141520806 -3.22573604862489 -5.168344607495192 -6.484187592410937 -6.495992732243192 5.7248809947904515 5.129031757924922 -8.122424094419767 -0.5248317048452011 -8.503518487333011 3.8947385130234013 -6.202499036392039 6.761764076192788 0.8367236329631789 2.3468548154078506 2.2506067250541495 1.551755163157038 2.566676164985977 9.373474780102786 8.682231394269738 5.093541344530308
-0.5890880941055454 -9.439324906580778 -8.212384905344518 7.627519069916291 -5.169005833112532 -0.26055356987451317 -0.9566578311238039 9.067699294163178 -8.305233396437268 -6.922800354219351 -3.999347313555246 4.818935119992915 9.351512685201595 -4.373429031757383 0.2582499650858372 -4.663473548404539 -5.219931901428845 -3.7139692872909325 -8.113089071034878 8.305780755472389 -0.7208260633926988 -5.514707022381657 7.090883602850844 1.4840553876294948 -7.61968931579813 8.530114042748618 7.7553615695961575 -7.203417260157432 7.979835578104549 -6.418543039821141 8.717843418975079 6.260424125725215 2.291163605768376 -5.35616012684311 9.594965725703341 3.720221191347113 1.3180584423815245 -6.304973504435038 5.839785273954408 2.630695874747171 -3.9246215571099707 3.418743184954429 7.703082188010965 2.0875780823962975 -6.9291565046055 -4.445630241043177 -9.127000455985247 6.468954978163914 -1.4712138896085492 -6.017749275391296 1.0243926296483497 6.861302327337199 -3.8509262943653333 -3.558885981396802 -6.947631024536509 3.2203015031782334 3.2704123942660623 -6.817627427546897 -4.292006410512048 6.893467195798861 9.692139554968556 -9.066122390375174 7.10153611599041 -5.056851658621266 7.1848571898622176 5.591119428445115
3.90433297274013 -6.605169012705828 5.311987762805508 9.847204074068332 -1.9337129873022585 -7.64378774384991 -6.625899873488783 -4.008598719558596 -8.70423659931789 -7.837328567168768 -5.392384237283048 -8.293895183091397 -9.529726609663642 6.47826071951908 7.37590813381196 6.64466911969998 -3.417296279808093 -3.926780043226563 -7.55856428158846 0.061851221613540286 6.962781202529593 -1.1901719881808992 -8.919851277322726 -2.3857345799525342 -9.046999527968127 3.8416884488855207 -9.56629731368376 9.613477329186189 -3.88944585374956 8.23361314113244 -9.772286512544293 -2.7952132156761977 -4.297202656901304 -9.539749452148056 -6.759961374706589 -5.723596916372027 9.100256572534434 -9.845276593336237 -6.509592938690867 -6.730567804222922 -9.986204733181852 4.642448479093164 3.837417656539255 5.341771673068594 6.062041682613028 -1.7033111917590604 -7.190883646202142 -7.361381199727179 8.160383665048208 8.537229378895985 -3.5677342767892783 -7.816496131937718 7.269600013974447 4.492866128134363 4.63236450190519 -0.1719438526247452 -0.3156979523193981 6.290355122312013 -5.891732900034867 -8.6002380526506 -2.948078664144884 4.602015959786135 0.8902112392407036 2.2785659413547354 -3.342922927272405
-6.521999508378043 -7.234602887008858 -7.235174069547636 -2.5020538329920816 7.626897350617943 -4.856000660817445 -4.907529944500442 5.684577535908417 5.56019541645997 9.175606578810365 0.6239535814379704 8.935025799651577 6.1429706294345205 -9.251067189855595 -4.119041596442152 5.353546857694049 7.706757559777079 1.2447625767294057 5.24955555019501 7.720257033120346 3.917763654700248 -4.195196307955353 3.769515350847452 -7.204957936870042 -9.2808753124758 7.966374891959478 -4.607353178561009 3.7629899118672827 5.430404719566795 -0.19517496521736843 -2.1144580812618874 -4.754926158987982 -7.551745901205489 -8.797946705226849 0.19030902360207103 1.515821773291508 -0.5789049629499043 -5.916704196663933 -5.036500179341643 -2.9373163893892396 1.733887736859423 -3.195449597927984 7.3711749322733695 0.7482730007174032 -7.762544549926824 -1.3768407855060572 0.7247618629889785 -6.437634251296567 2.994849888220017 -6.982161941756466 -3.5454801834921312 -5.891871411408673 -5.5977540007626185 -5.958505977673518 8.4868688708797 3.5487112787041553 -9.93107128655903 4.741943888671944 -4.117563444004668 -4.501174722898103 4.272263177318143 -4.250005476222896 5.031181328804677 -6.66064777476814
-1.8877911999055108 1.0327664895838584 9.642200716682506 -6.6606972122115575 3.008681469821257 -3.1380117470250424 -2.756165014551002 2.377745513400127 -0.3598339193506739 0.860532453589482 7.6169668389017815 -7.593461753661151 -2.62777788364726 -9.82026157781221 8.370500936541568 -8.425482157062174 -8.676116481456111 7.883527860731146 -5.829451096777585 4.782102178529641 4.392242627180876 -4.772330045584978 5.295482386012331 1.0952092079195852 3.9651897114211865 -0.7791958699876989 6.883292569178097 2.8163092904187237 -7.788938456036152 4.73693733002608 -7.249904779610232 -4.7155670446219355 -0.03765712405232158 -0.25342248739533835 0.5808068207584305 6.628436418371728 -2.4926466337884667 -0.5943481933096995 3.2660847583387853 4.476838440787924 -1.0114028995587243 -7.583217668668785 6.6606454308964285 -6.328653846073847 -5.647724017806048 5.3301111823853216 3.693543925071603 5.454670989563053 -3.930458260485399 -2.4153885032519518 8.134054734892155 -7.827751327670431 6.306358527079297 5.899633236503787 -3.7143454749743965 -8.403380187031168 -1.3481385727833395 -6.606471343322591 6.602155617900268 9.480179019970272 -6.119028949596421 3.7410687733716386 1.7352297918904713
2.092019864589385 2.3347309100845504 -2.4336754552647677 -1.2321606702436494 -4.144905573686066 -0.45234751100369675 -8.995673910163436 5.314091567441568 -6.286384817305031 -8.406618207476875 -5.278007517219736 0.518580432285709 7.817238540224256 -4.69025109159888 5.917146731260045 -2.212333714863748 -5.606543943993936 6.6611697890214945 8.651452077744173 1.3559047935531532 1.5087520101007246 7.163018932688077 5.900596680380303 -0.3207393031377248 -9.380916113959945 -4.313749989224185 -9.369261567852845 2.0231690732119345 -4.899663782943566 4.387946506480587 0.3926753974572006 1.4079611191168895 -5.1296314017689415 8.34852745844207 3.0084462292032943 -8.316646103316414 0.458080192246908 2.355635707142285 3.430578074934161 9.988539181799268 2.804253613188825 3.9058092980281023 0.9265590747656938 -0.4272275813088644 -8.217932080020386 4.4102092238618145 4.835244282869704 0.6153889266035817 -1.3136505770818063 7.167247532093675 -6.837790001204105 -5.178801361982856 -9.612112251709707 2.538836733851204 -8.071026710424192 -6.740447589602621 -3.921922753531093 -4.889610184949507 5.185541375264711 -7.402477439838446 6.096067041337583 -7.552733785071228
8.389438545435679 -5.64368132661655 5.311085002435762 5.176612281981711 -7.738436869354328 -1.9861232598347511 -4.407703497977704 -5.458736693669152 7.823424248045838 1.988406929208708 9.163300901674491 3.1686012223551163 2.557240409943624 -4.915471524364266 -1.6597682567867866 -8.66605673821696 4.0125826952954835 -3.5436913784372903 2.659569325724249 1.2498733318993405 -1.9356275570233006 3.223519165238018 5.955085880784498 -8.313339753886051 -4.9804447156723075 -3.9566776078294374 8.723871283337633 -6.6098149325390825 -2.9761781556234723 4.273559550844476 8.194819599586813 2.1495431696601286 -0.7040654025862647 9.094849676026291 1.3523228360780548 0.6637706264909737 2.7446266573222355 -4.395048480208564 5.8584577582470265 6.173510995011419 -5.783589513894174 -9.876073563721132 2.9677178465446086 1.8667631507491222 -5.344548122423623 4.655442845798037 -5.723881643421507 5.764724239764534 3.3453461959482533 0.38925754204352847 -7.618184628802713 -1.4369545471314527 -2.898069166178925 9.38461912639118 -6.075297093281451 8.842397690843395 1.8803747866273723 -9.29591375537778 5.230057013188261 -2.5590191505826065 -0.749979493965649
0.8082893773103517 -1.097971773180475 -5.5356835288953565 7.647562319745478 9.112725593037705 0.9234066746904257 3.958251449208845 -9.471612546855619 4.492806677918413 3.378602047596686 -8.319887413750012 -8.759538896583434 -2.2601112186605987 4.83778174691925 -7.124478899489015 8.999347803271247 5.520154486433066 1.072772535742268 3.5298576717853303 -3.0180156468454045 6.690148840039822 9.319330965940747 -6.042720995167441 0.6553609957007134 8.956701604879143 0.027786866290975265 4.06071030222108 3.5534903001704765 -8.40358505452138 7.174337984749428 2.729065545954288 -1.5023148618221294 2.9094836240907385 1.1534180732290777 -5.20960341869621 -4.2714190931817475 -1.1501175152160537 2.51994929912027 -0.21268814094098865 0.6538484629825447 -7.230490960248773 -9.281889868607538 1.1468077910280972 6.262242289615618 -5.545805457315343 -8.092026912796682 -9.086209222647547 7.657758877288725 -9.576255452781782 -6.6783298764585926 6.93205373418984 1.1866727880818773 -6.63242862162633 2.9956622295804025 -7.532761747404503 -9.122012637604852 0.1544826941215116 4.850041016820459 5.1503103129039935 -0.7641572905391847
-0.2417763877215151 2.4685012822799623 1.5966626997037303 5.23707716068909 -1.1577035593543616 2.3802533703557094 9.34092941509779 4.813750676644341 -7.591591041439991 -1.440674542620597 -5.511792553738313 3.7414103624647077 -1.7000928348914268 -2.7042766365329274 5.571191353020961 8.040144537499394 4.267787169544908 4.620858025713952 -8.673555446297271 0.8721356989809292 -5.066992386295219 -1.2257827392692255 -8.537581980091273 -8.924375251041104 1.8347906538479775 6.56547175245233 -1.0166889665681333 -4.306943086078617 -1.285220481701843 1.4271799244096117 6.771940463920281 -8.01088118840128 6.473660420427125 7.621961788303073 -8.978169783787857 3.4651484322762416 -6.33562373359585 4.035684848685939 0.07731906516109888 -9.035500273785214 9.70946484033611 -3.1424717598043395 -3.966695394073503 8.825424768602975 -7.814094741492356 -6.151626083002544 -4.601708159955651 6.494374642153698 5.238600344299975 -1.892750854091707 2.437177234237693 5.689813099831731 -4.303256762875424 -2.9515067716289844 -7.802187148835711 -5.108318482123768 -1.3057816363612584 1.2100882489522702 2.957065180902372
-6.532383965050004 -6.862656266967935 7.377379343329295 -2.9517325569219377 -1.606111419174956 -1.33524147473991 -5.636652970731708 -2.455396134529577 7.470763269205671 -3.182228359041712 -6.3587911270892095 4.133962692020576 -9.002740237158054 8.627444194377851 -3.8112310800335436 3.688768530629718 2.3925011376072858 -6.206725235876438 1.7553463696082772 -4.014140802558455 -6.098242761935275 9.241478262232157 -6.422609210730008 -2.9363178576245352 4.046117775961586 0.8387070100650007 -5.353903705064329 -0.5995776876561965 -3.531059585835108 -6.736232808412619 -2.156164934533209 2.5082800124274063 -3.078391349486922 3.5142772257754906 -8.341116094563459 8.072687872959037 0.8449905890405485 1.1601786476864118 -2.7312405576760646 -1.5838637077535678 5.797926989593356 3.4665297540258933 0.7306587350544125 -6.993009866392383 -9.843531917527015 7.636627596069756 -6.658647111647788 0.4317412306916868 1.9838441625188552 5.36203430571383 -8.364249904830611 8.465324876836505 3.503348591718478 -7.356844398281734 -4.210788918349655 -3.45198331512363 -8.07785956763766 5.601655028485526
3.3297383784696866 6.810061955302029 -9.398352171084763 2.801244692639835 -9.52783903749345 5.977224047208447 8.602216814402123 -0.49647049816623046 -6.029375234694456 -2.2654786932186965 4.063684903071514 -9.845611076773151 7.407874789828686 -1.4612960317265244 4.025407972812234 0.5196234317610271 5.376610972725484 0.44924742059548883 -3.3224280485858393 6.683709984651099 -5.932114970349371 9.326505168272604 5.852184557839752 -5.276755946664151 -3.6788160932134994 -0.6408926112880864 -9.505508545337957 -9.029163179093459 -2.635143941888496 7.246857982043593 -8.233075368251086 -3.2596118909253824 0.2442116693489127 -9.917370663451617 -7.125910484244368 -4.2213463420038 -5.861230868137328 -4.425955742030043 -8.297263490254078 -5.7115794541178015 9.70310641669412 -4.207387737399538 -9.815886432021106 0.6289446665269516 9.415244879535534 3.9986896541723382 3.5108227716800355 7.738715043153606 3.7758801389375085 1.5555172874807321 -9.491110388116915 5.0280261024805935 -5.324815673342458 -2.5102223805626678 -3.4578259699243175 8.125420767522813 3.4532997310232494
-8.059768282274913 6.344540015394735 -1.7197975885297656 0.08040390927670282 -7.708760847578715 -4.15295362929405 4.01752008978624 -9.392044373648492 -9.692456952239286 -9.869656732936322 -9.82296212725263 -4.790125946826997 0.03789147828708428 1.4905156119089735 -6.154107121137007 8.56905603168956 2.1216240550206877 1.231770073119527 6.6566246178819295 -3.4061008367818912 3.9019964180637023 0.44223667207072603 -5.227532265792925 -8.54430316941343 -1.1618186096969274 -4.062424741779543 -8.5946733193026 -7.675727899046261 9.19888223226144 -1.452253482371344 5.517741804362053 7.732040287441693 9.741261541334886 1.8189458030846573 4.246373351689647 -5.4244139213903235 7.473927143187575 0.9139395471838752 5.953143508700494 -5.404777600804831 -4.910908748486616 -6.773847544999649 -0.1379080740378047 -2.948814860518809 -3.9582012500859864 1.5188776826708206 5.6296138793272865 2.4228270825418075 -3.4665462287087667 -3.988273697724023 7.4544538989941085 -4.78239724855978 9.882309812527335 -1.8042628245025494 3.6010393898071524 -4.842877693104852
1.0663189081039337 3.844465204710339 3.229259009664698 4.698441814463921 -9.345988169470022 3.5918084227304425 4.350439777676454 5.213399416815303 -3.2497650518883447 2.8409485192536033 -2.8791789871418483 6.044326185791449 -8.795690742884723 8.464809100973717 7.7217783854285855 -1.1013745449779133 -7.564862058630264 4.746534158788423 5.844662499272677 -0.7789552726869653 1.669893786869856 0.09001857968424565 0.35904862651409797 5.574433931643988 1.473831119750899 9.351675237930612 0.36382398093747215 -4.832444986843107 -7.821216261107818 -9.256686802505442 8.849294103616819 1.1713536060395757 3.8208060502574104 8.664172661945708 -4.939497526399985 9.954980784590964 8.495426943913426 -8.051869482160575 -0.6307755403905602 -1.9550431397239287 -7.994882850581206 7.454451903486666 -5.596480474663476 -5.787328251232533 8.170649435072159 -2.886666321739957 -8.436701319807085 6.483410691408221 2.3987424142481806 1.833067782518587 3.987692500704907 -3.334720824083186 7.636205678758592 -6.684013716247936 -9.068946185417598
-7.9565466549706425 2.1650199501372103 -1.624403984130962 -7.0728134173288755 -8.787295573955829 -8.805844019085567 4.406717102623068 -4.305245908271679 3.8894338725343003 1.8193312247891669 -5.152228556343288 8.576916694568409 -4.2361000391575265 -7.295510324171593 1.4248833332981703 1.5151866269665781 5.349510043353476 4.750272842975949 -1.9826117077291294 2.835946386742918 -3.9187823995942295 -3.74596680838277 -3.691354429694249 -8.88264019966149 -5.55901950137164 0.14033111643257046 7.532672714385633 9.976135530261798 -4.755959056030328 -0.14432234198596072 6.399986133084477 -0.011308143106329993 3.3665498214885448 -8.946215103562693 0.1016241657701622 8.359577570080178 -3.1024704844058193 1.571931031607945 -9.472058067083413 -6.596291830647032 2.833340613781601 2.1149322770108148 4.658025613156209 -0.1109360512776858 -7.109243542149304 -7.695745778736123 3.2813272794383064 0.508936127999704 4.166577711222077 0.7945156148490384 -0.996302507642739 3.522725050675739 -4.122455895924628 -4.386552237275218
6.23476010878341 -2.4417124660590495 -0.15487306086430452 -6.017022178292599 6.475234324550286 -2.8848231105701583 -2.265083903585783 6.2965964064609 7.092347466494737 -1.5150732275078016 -6.573684327812018 3.1296279205949418 3.6618855363557223 2.9277267082063174 -8.485098131518477 5.650069008718852 3.5175197388843693 1.042910699728341 4.511775893367411 1.8787272386143616 5.26428784295496 -9.682781619281952 8.666822692303873 -7.5695115264462665 5.510910050555831 1.661876338670214 -1.3235544619091089 8.329388079933082 6.590779288932378 -1.2403697423911608 -4.713642475150277 -7.3115994501046755 0.3182822482481229 0.22159892472526366 -7.320121557974981 9.020615139440347 8.108996315895617 3.903952884277957 -5.565182633286996 7.912333369497679 1.9345743044100439 2.8162421009469574 -7.580808578895928 3.8000973351791822 0.47992554395065223 4.3070139214662735 6.321176194306089 -9.194573104337023 6.730467128677608 2.2278285107588736 -5.659632517058688 2.8651865789157305 -4.9364943303955915
1.5683818251322212 -8.698506475575382 -2.288927164696639 5.954529176275514 -0.9998793249565185 -4.387229131021049 -0.28152815845350565 -2.395292060714038 5.600581191312539 -4.963211832210137 6.118673334693918 -9.781156698809522 1.0100466208871972 1.1693172586234324 -2.0816336933266433 -5.832434110820577 4.046192167940639 6.00923814122374 -2.123282446557566 1.0431441957409904 -9.259200444371452 -7.144989864786551 -9.027413580561237 -0.22845427968887888 -2.0663380869896653 -9.497845779492112 8.666312020513807 0.7746344825256068 2.762833906754787 7.4602406968170705 -2.7855334384776054 -3.963103147684426 4.912062347895791 -1.9215967788779498 3.0876359149022803 7.592277536060525 -6.334644311116861 -6.211323279344915 -5.573446874178652 -8.019926721816448 -0.6377233703249185 -2.9955960117787384 -5.966855486006983 9.168149997450076 6.4431800223060876 -4.423601472507519 -6.813504727302915 -6.865265672020053 -2.274440117765637 -3.4157722790586 2.559675510571522 6.547896322479567
9.542695350064651 -6.907765263671946 -1.735885708941467 2.978072051474221 -6.53778066274633 -4.368804912272022 0.5845981125578303 4.906543704964685 9.030620784151607 -6.436739285498543 2.9288923149999313 2.3340612545994666 1.1724758070399899 9.601608914397925 2.934427215005002 6.7224025605353805 7.364852769389049 -9.174664259460048 -3.2318698651177358 4.7400703216619 5.270761098087247 6.439187893635974 6.473878140585391 7.61623171924888 4.870358484280537 -9.644833333606309 -8.621446326597122 8.340937891273875 5.56279612730653 -4.239580048709297 -7.106704167132714 -9.03086037938438 -5.1309077203652675 4.974467256744804 -3.635140258331786 7.922225147922221 -3.813445953058674 5.820113298863701 9.827050120233519 9.68077326411757 8.631254855866079 -7.282340899486837 7.9730337259277935 -7.735120505001092 5.723838801046739 7.49768961964018 9.638592695848057 -2.1309391807029154 0.9786208330990354 -4.828193970249175 -2.2015042365413517
-5.980336769471486 -2.113616969315961 -8.99255371291135 -8.236484128100784 -4.883341933313763 -1.050132530981971 2.5396924299669865 7.38048619787506 5.388340265470517 0.42702004888640177 -4.171022533205808 9.398845558976427 -4.593572349010813 2.5540260531366066 3.2996092969110347 -8.843187866707447 -0.02447740790652686 -7.797328200923346 0.07810574574551366 -5.745840026445716 4.541560334809873 -8.780115375132649 -2.6533169871304962 -3.5011203991784923 7.966889488147782 -4.613361199663835 -2.389665696558516 -4.9758207127285665 0.4702487702535163 5.300280686227287 -2.101463846598177 6.6877943555868065 -8.800535493627002 -0.8072076944634698 -5.640727938413526 -8.431755442945988 -5.871568629102981 8.44991272649289 2.215469712303153 1.7074335041456434 -2.2429460057900963 -7.304414643129354 2.2921302621022033 -5.67524496578182 -0.13138878369291618 -4.91452754021018 8.304030721274739 6.983380062595583 -7.330876986064232 2.753490013185056
8.542471081477913 -7.585432958151495 -7.270909317253704 -1.1091892683484894 -2.6263629241033404 6.888662268382659 -3.0690181523168203 -7.7846428446384275 6.550363098863694 0.5220225955576008 8.10254984520345 -0.6253385454068372 -4.720018441337073 6.520903363648863 4.897992401672619 -9.630648076750203 4.838183637042606 -2.9896275756311796 5.5873526367822235 4.66093582224234 9.531244778835804 2.430790385833692 5.758360632356911 0.28816528168690736 2.4579059923952284 5.790952749251989 -8.66619816238279 -3.702454346558517 -0.22365828292596923 -5.703603603843323 -5.852522989126574 -0.24296315651952227 2.1553901009033627 -4.720541455526311 4.3747044894916565 -0.3358847454858571 -1.412007016008625 -6.7653131000442945 -2.078995185618706 -5.836185191149699 8.189282597555449 2.4504285724020303 -9.769524888796763 1.2675908004746406 1.484316825109282 -3.5942075768311432 -8.631877688595003 9.030302660370921 1.8848722273893714
3.620191191568396 9.725422414557565 0.0019341893971880353 -6.706150484783777 -2.12079347627665 -3.7918485559279302 9.10706576759333 -1.3484364452799613 4.763229859339546 4.219800114198615 7.768676243014538 4.946997103587245 1.277282246195226 -3.664841776154395 -5.9467466977813 -3.038985221039252 -2.4850155812525943 -8.218553487224423 -1.30400515742912 7.053647350507628 -2.4865621875237265 8.851951223119928 -3.8083482008844993 -4.299719402794116 -1.558163809566171 5.396425107947794 0.41730388349172864 5.8311092600028935 6.383667029581486 -2.038737638646062 -6.076409667304839 -1.4442285748670702 -2.831884466665624 -4.467541499457188 9.158124005532034 5.077270367193529 -6.812370435152639 -5.359354917742745 9.522419023123092 -0.31653021779833423 -6.119789312839739 -3.646100804387997 3.4988997951711154 3.8077992300474595 -2.1411922667704153 -5.703256984768852 2.858280181100681 1.040363412619263
-1.94317142521502 -9.600735860197782 5.016585321157139 -7.484678378170457 7.762352497961245 3.2264788126903587 -4.529902332126106 0.9981853944780306 -9.972952028801554 -1.1567476384548558 -6.99014446624425 6.661944648735512 -2.8129123597333194 2.1311809954505723 9.644393751530934 7.336274579809738 -6.874183150187518 2.3826987850448256 -8.725799145737291 6.234629881243485 4.504669612060683 3.358118774908838 -5.343463921241933 8.616896229873161 -0.20203352029083632 -9.460167094521825 -5.891039276218795 -1.5166612831924287 2.1727879262118255 -0.6372518967503327 5.649488196995762 -4.116937622815269 9.621452784807854 3.7483156018518793 8.27655191145237 3.893396820159516 9.725375200941606 -8.43559807967479 -4.97648211525709 -3.2092582025336958 -9.112140872798122 -4.057356067419744 -1.9166864844924225 -7.212181433000038 0.9307506247209574 -3.8096953542682432 9.736628599028885
-4.416873603327145 4.7379556026191905 5.997752776371712 1.8703807583755094 9.715612051112474 7.938838269201886 6.906507883150406 -6.250606927961185 0.8722825198535245 -0.5064363362984436 6.0798026930455435 -4.683500698225071 0.49122535549586344 9.183147897761286 -5.883456901136494 3.3452683924683457 7.211197249409038 7.527857926817719 3.5329302020767117 -2.3059398638528106 8.689074373540004 -8.999604609224622 9.029343585136507 -3.815966619353337 8.643347855945262 -0.9926114547289777 -9.349822754569884 -1.3802416719020183 9.079834832469256 8.84645234359693 1.9864940952026755 -6.28487333481652 -2.5688430102985182 -7.720409448751284 6.836905714828565 4.2665370130739415 -8.202679692104194 9.168505225185468 -6.244193987014763 6.413710173145102 2.658084195506387 6.194802837941873 -6.687653371272955 -1.5554249758203098 5.652524729317814 5.710386576522161
1.101309306233269 -9.033492830429136 8.351115700662067 3.32241322442389 0.3643643825420484 1.8096442093188103 -4.9346603150508805 -4.768019098313578 -3.702154090336909 -8.158305903139153 9.290767951231665 1.605304023974039 0.8372673338077119 2.89003780717509 -6.927360197065962 -9.003078632263552 2.888581900693634 6.433648013129019 -4.770657605106992 3.992088082969485 1.1327063875092191 6.7806471576537835 -0.4961025270451991 -6.600928236827237 -9.750714044222281 -4.51409335881033 -9.966119616167482 7.6380840390336635 -1.0271534578463926 2.522234691152019 2.890869413107968 2.6858049703771503 3.1361906920409033 6.9853682448780985 7.79907687577021 -5.431813845167037 -5.161839039140985 8.04906939557441 -4.711560719814518 5.505031412538832 -4.477556007585988 0.5184838407872161 6.6194316049666195 -4.3165399284808315 -3.2071339561635326
-9.441895723125924 -6.011208495188631 -4.691085283049105 -1.2053439841661162 -2.8818471128969136 -2.3219421629659576 -0.23154915711618207 -7.736189651990884 9.222158322030719 -6.012936664280419 9.478411047668205 6.452742804817298 -4.719787729612264 -9.231299385163595 -1.4377987148901994 8.437199199965569 8.794066778748903 -4.399562703114091 -6.175723642187596 0.7992038630514209 -0.3512511598324908 -3.125747892783508 -4.82792419409658 0.08813249922164035 -7.4598000489202025 -7.454875761830064 -9.560939987999173 7.371113659969588 2.3745632897916225 -5.328850867388251 7.137503758847041 0.6855871645957778 0.4978075470867771 -4.851257176488342 8.035601257726947 5.552136988257114 6.490929303940587 -2.418508065322127 -0.3232344941397569 -6.157758392355919 6.677715773193409 -2.0745908853060113 1.5856516955679067 2.570168233348278
-3.17609652399399 -6.440281151657525 -9.746908003857072 -6.472453855110933 -7.31469238407686 2.181699393416743 5.188049186967419 8.525027190007279 3.447284823573593 9.304303036852398 -9.44598035154539 -4.977341430414213 6.552068241709317 -3.3207972230723737 -0.4739475431172613 -1.605517394546463 -2.9559323680367533 -5.209518567104703 -4.538839992905932 7.975047833949933 2.361321632833402 8.431610177228155 2.1386955966050714 7.780549295099124 -3.373702224473447 3.09838582244901 -2.4535989297454264 -7.504831339293547 -6.876306077822862 -8.50710851682404 -6.4180904431648145 4.0572071563321055 7.763680995168951 -0.7150557569414739 -7.911953621494474 -6.9502234042738165 3.357912559187033 -2.6414616761201537 -1.9494640006567354 -7.0338523513226185 -2.026280597150538 -5.852073862322371 0.012429126531128265
6.713315959174324 -3.4791802075679734 -7.863453134550595 -6.08907072434387 6.85253292304772 2.754362235044774 -1.4414229162977077 3.548033158659354 1.4392474677080758 3.321712047267509 -3.102362147460054 -8.840640932335722 0.39248299737465464 8.03813176564531 6.4499943158713835 2.6914518913860985 -1.0490046854282231 -5.784642221915743 -7.998369212754426 -6.9480179485501115 -4.038068864015775 -1.2092239820475448 2.7562878380467715 -9.635581271749128 -1.7269705511733169 3.59157960549481 6.166717881318879 7.599237606921616 6.738677862426201 -5.49471960702522 7.640212144710061 -5.823621082979827 -6.604026229930247 4.360978556429886 -2.8215063718073674 0.024070413088843612 3.3447171846836565 -4.9541486293291985 -5.852971487788185 -2.5075413926333168 -3.393668888064829 -7.825205681240397
1.869179027894583 0.6666247212855358 0.05102136272839397 -1.9201810441736922 6.1457517806303645 8.043889000368061 7.537401328785743 -2.62896749127566 -5.350325568192494 -3.699541764267056 -4.968782374550951 -8.601532257763775 -6.488380978641716 0.389307366665812 -1.034855897706779 -0.4587573945122214 -8.132889716937449 -6.783298024570865 -2.4916179859257137 -7.513308416130595 -8.74896479810655 8.245913879535626 9.238674278057568 8.90950944967421 3.588482105334363 4.535049323448708 -1.536077365543267 2.951171931800116 -5.661071805370462 3.86705019530984 -4.762814443572041 6.810982451284278 9.790380854906369 -8.571926237528952 -1.2860651181370342 -1.6754871101033064 -2.240750952923316 -8.7579835979961 0.8759319634332874 9.128519077769893 8.585093130300523
6.76686275418505 4.732088690070563 8.61733889573103 9.16897369263448 -7.431615014021055 -7.7305046667656345 5.292472478726015 -4.90369145014512 5.915910524929164 -1.7272321537107316 3.35724199463038 -8.346969989927631 5.412521612678203 6.927276260620396 1.7711650457259043 -3.484931113129781 -7.39011961786378 9.764795210685406 -2.6959405175000306 -1.7554278815443691 -1.842476399268378 4.209822350397065 -8.204945137629569 7.3756613491611684 -3.113577015111375 4.023809609891553 4.660962582044883 -0.40889296220314897 -9.192208253912073 -2.7018027671736133 8.440839466191779 -5.270573146736934 -8.171369348286525 7.312498537738968 -7.391951151911869 -8.644252606077616 7.474037238476878 2.673915488720502 0.6958210798999498 -2.356528802377056
8.510278961518999 1.666028049588495 1.777458186242875 -5.7760033406205675 7.97624373862404 9.394979738638757 9.498921551282113 3.66310861925512 7.602365970428437 7.385326126526932 3.661201507851286 7.312984139614067 8.375866237398654 -6.333535332668257 -2.2781425453571424 2.7899879763131463 -6.874166708315254 0.5225269912291175 1.7306635324299768 6.1171369211576865 -9.334071670037291 5.258774149144607 -9.36507720097146 -8.910856298205502 -8.542607383564256 -9.988682844204979 6.3899387628600435 8.075240566878081 9.313715975656455 0.31699200641454706 -2.382485268443617 5.025291761553592 -8.568969204717288 -5.252915271554784 1.4465697080624884 -5.810616266867776 -5.914334334825588 -4.293072681668049 -4.768373643334578
2.0660452686059694 -1.6865125744504894 3.853670032624521 0.44591132670139144 -3.7287296347369225 5.815561558574911 -6.297595321203213 -1.0029083393789162 7.446680119103863 8.150727007415748 7.3001615306464895 7.127784006892377 4.72457416168671 -1.688347856658663 9.290664929658185 7.513285974830863 -4.755223704600611 -9.202986973707961 7.369732360974353 -1.6913697903314828 6.815937725363684 6.8982668810521535 -0.5591856221951019 -7.898704236274066 1.19667370647081 0.5525161356158281 0.8865698151258106 0.14416351505089464 3.9931693953630454 8.193361584095943 9.097021478150975 -0.5228974968544065 9.460503870089907 -5.406018035948216 6.229885071194923 9.138805842080588 -3.995189227474043 6.283230587179656
-9.301458101826194 -2.7226073470768952 -8.37148199875334 -0.2073904448985675 5.822707498796602 4.292280321348527 -4.747660275119367 -8.57082486414783 4.879410997054423 8.554927838615223 -2.1386505985116067 6.369050246493528 -1.1167881808054658 7.719401112617708 9.048912406850999 4.290620195170174 -2.0491865614970783 -3.266549115187698 -5.473566669796874 9.456164190067717 -3.4328364609794093 -2.912183772252097 -9.509625933476977 -7.705912735292912 -1.0134754876133734 6.16697000191508 -2.9927806762363174 -1.4711833248967143 -4.982853552948874 0.8180591878232257 5.427416127875439 -0.9604880341446131 -3.275599783923042 -8.163637879977532 9.445868489644347 -7.987552488130172 -0.41733447779471744
-9.883611417496043 6.0061758888396515 -8.310759150552014 6.233898073969972 -6.492860472289317 -9.329700119495161 -1.9440831229145195 -1.9351810009046888 -6.594575540595371 6.407512021181148 0.4359093940153569 8.88102513406961 6.949667156287576 -1.698462850797915 8.760618512498347 7.239058886852188 -0.8114972273605559 7.611328764428656 3.829377116928663 7.430866914708973 -2.7507676269477344 4.526068671465728 -9.092218229175106 3.989414564144229 5.4277173372282395 -6.925989406890105 7.7629964640855125 7.852339399546779 -7.321575028548846 8.263272591482004 2.5972704254843926 9.172932214805185 2.8331197859240898 9.239464106530235 -2.1002275033286955 -4.848947453406813
0.8515202074522499 0.4378576588068328 3.1524330709369064 6.188802261558624 8.61911662429689 -4.695111282306397 -2.2030681739037283 5.31484318115629 5.686898535935163 -3.625031442056139 2.418521704425456 -6.884599971738952 0.4393975842950515 -2.6741759712785584 -9.278572850355658 -9.030451499740707 -4.164166169305917 3.054980102051954 2.7420210004268486 7.168279443639642 -2.5477008747864116 -6.369680262085462 6.165523661408175 -5.512365382214126 -5.436708732523529 8.164083070694259 -3.3008717585670744 3.48717264504548 -4.052090863241233 -9.241934520863694 -9.346022363889848 -5.236808456702686 0.09552510852695484 5.113402524622195 -4.521131302587662
4.285814537190613 -1.8862890368146257 8.884676623898965 0.3872196849746401 -5.07955762271256 -8.017403385922304 -9.81326372448512 -5.904206401178884 9.32313794384247 -0.13688068965380884 -9.055139996990356 8.730591387422916 -5.683940708217294 9.453559376906766 -1.7097533057110503 -2.0146882276419054 -7.561657888292039 6.673871354725367 5.21866716638945 3.77972387218642 -0.9349026543317085 -5.442241473297431 3.763021761105616 4.352001865971524 -1.7908486856791117 5.986370605422124 8.324796688421381 0.1925389971999003 4.1649787208534335 7.521917296809244 -8.448818258799545 8.230028434203247 -7.019374783367686 -8.280711891105563
-1.5379510513177763 4.403259109390145 -6.458517618301071 9.79708644648251 2.4427182106416767 1.0761673371869018 6.922226910972689 6.513075622908284 -4.587265425438966 -4.261686459622727 5.46137958295512 5.41347289918277 -6.2009101227422985 -7.344974251187701 0.5249353931673095 -0.15724531006197529 9.363935462634032 -7.7937069257850355 4.315415704972379 -5.526109930717176 -9.667090596491176 2.8878402822759663 -2.155225690272604 4.827150680998087 8.426829177877623 0.025983304328811574 -9.332684560585063 9.447244738079473 8.783187638203238 0.3693861854316305 -4.503558828220742 -5.738971954849483 -3.548887181228113
-8.916378343425874 -8.570719354416461 0.10612343826449377 5.9109896989912425 -2.672255925900231 1.7470107718048888 -5.444191338411592 -7.444918646721417 3.470420881806018 -4.002866156968963 -1.3075884979003338 -4.33541355839409 -0.7001536452331836 7.6220021283037 1.432471020929984 6.2528042556655965 7.986720263376834 9.948629726786095 -1.7539591295071988 5.172524242316099 2.174853743478271 -3.5645327232022606 -3.068569169196216 -4.574012765850554 -7.419499776527245 -2.5687739857434644 2.426338349515751 -6.3994886767935455 -1.861368169608164 -0.02212817611207729 -8.7469023907372 -4.6560611020593505
-8.528015009039112 5.2393776612104 6.628266366016959 5.999695618249861 7.359261619863824 1.3131154662670563 -8.891445689634734 -8.260423843827581 -2.9715652320946773 1.9634743733561688 -9.483082540190534 1.6995942552911636 -0.4916980851926023 -4.557219769948038 -3.0620085145537734 -3.423253947804925 3.9275117406346016 -7.397464785400059 -3.9015050601352708 -4.872995737314811 1.9731839401999651 7.897333729273117 4.227373010521864 4.492991364853207 4.240658060959717 8.886983419315191 -1.9716065609217415 3.156946639624778 -2.522835371728649 -8.756211522091961 -8.871343675678709
-4.064106402136176 8.33351437260459 5.367396462594824 -4.997978971647077 1.6817131096343063 -0.7989852089710769 2.7268806122840172 -4.2613851071320035 -2.697890648281911 -8.141843211193887 5.258358843707127 -7.662963560956735 8.913060038103389 -9.575857267388594 -6.58368183031206 -6.565132540501422 -8.250928214933158 8.033017593525534 -2.3301993298772783 6.963942377846973 -2.24519504824076 8.86992028535754 -8.993120877394967 8.845304950111892 -9.509541546354756 4.87066237153048 5.147927910734258 1.390569222058402 -7.536225649126056 -1.7227691789927446
-4.37545446844476 -9.051656000108883 -0.8287935816865843 9.630225890680004 -0.7545815915527254 -6.6093666135910345 -2.893290753215221 -2.8255047399399746 6.183351535215382 -0.4953125035667827 4.693526312124369 5.10740726188601 6.220590749803073 -7.855261215526457 4.195963827680971 -3.732884443836193 0.17355825865394303 -5.874492340857545 -2.293141873582949 -4.199513890179086 0.0910438496375865 -8.794898955562001 1.451082716180887 0.510022499566487 6.536043715730915 -1.6900623656323943 -0.4721953781878785 8.512181324265342 -1.3403885755474931
8.748230812140578 -4.623514826726048 0.6534315487827591 -0.2518990074666183 -9.830215099036382 -5.019583548986386 -9.072279517982228 -2.7720166733611706 1.007047698212642 -9.528926443901929 4.739529029188723 -7.915262077248412 4.671998328425588 7.207270890969754 -1.6937622987047596 -1.2341812678540154 -4.792386488660547 9.612735291400405 6.424872376143447 -5.13004637735083 -7.016090815143945 -3.551670317441482 7.476807045295921 4.281296784642777 8.225576442022462 -2.175537633935587 5.666236435011884 5.756728217364316
0.3550169555225047 -7.755435460099931 7.319837045269278 2.522421396554213 -9.725700546044816 -3.4179678494107146 9.037504373562017 -0.10634933217437803 9.672235811137135 -8.79947781211295 -0.3370407095635364 -5.667115048182425 0.6188526602164268 -2.673680424652265 8.281627297066212 -4.622360778676747 5.484636970174758 7.171608075600792 -2.8084049869148497 -1.6362834126976344 -9.013463331061791 4.6177130915066105 6.242585691960136 -3.0464626290335417 -1.3689382600137923 0.031378376791593166 -3.7448128411265835
-5.212000717764078 -0.03926588925207586 -5.446129536314452 4.569015929406664 -8.262323886560246 5.325201308979446 9.573455919263623 -1.2001499584299369 4.929157938654704 1.7319002628563651 -8.303565543726748 -2.1268864327758785 -9.400215459665905 -1.1782229770924402 9.401752803666403 -8.471954977299973 9.122359310572804 -3.9187909107007646 6.097206873159642 3.00830330472998 5.613339960150672 -9.442617231319835 4.667302146756804 3.187511513693415 1.2750027973560152 -3.071412637483444
-6.2098130995737355 5.794645759227766 -9.480411729901196 -3.8136136556206846 -9.426153138421103 -1.9398684533854427 -4.775495826487264 -1.3461676309654136 -9.823981536717998 7.9634092945842205 -8.03863240171766 -6.735948142180545 8.302053947558004 3.502799652493118 9.54130401941158 0.8094340816720869 8.859574666702535 0.8573450265642935 -4.505986378610675 5.860970419884344 3.1851905576185557 9.667579319659634 2.389999302764896 -4.488463770025941 -9.348587811309226
3.558386438604506 -8.833766020822527 2.893997965673214 -5.767114562292834 5.164449305698195 7.152977909283522 2.1796258141732183 6.1121759386460255 -2.914474589241971 9.163034600334992 7.872214930297972 -8.888655311218885 2.507386507717504 0.36460637624637915 8.998695195756207 -3.011712679433116 -6.221889236986586 7.9993722441772785 5.13769590633312 -0.9038206176307928 6.4737783690002555 -3.810909117902914 1.285756096275037 1.608258933504858
-6.633106881505992 -4.637273256046177 0.7734677012227986 5.5201019275477 7.6280384913322274 -6.058424867558944 2.9429315501110542 -5.832055829265361 -7.655096206858647 3.404715519208279 3.7746659355449363 -7.937645666290749 -8.500276820600327 -7.710986057966515 -3.7397386012951084 -2.463788034710137 -4.077209085857431 9.114491158293493 -6.6263941194723515 -1.2203134215499012 0.18419185805406801 7.708630344043083 -4.667455612573173
-0.8034412293209936 3.279070231457659 1.4006365366045381 -7.15076207932346 -4.490426544421551 -0.9550622722709123 0.3463818744466285 0.9508180607930417 -4.2404572359305925 -9.990996691026607 -3.1926345615371554 -9.959573890953132 8.641999967571694 -3.6052584871485283 -2.7567390601056285 -8.792719096200658 1.065989164999801 -8.177335082861816 -4.029267084705285 1.2825710781966615 5.377886290223264 8.983646281026525
6.72886597799061 8.137578513381257 -3.038786518356711 -6.3003885060058735 -1.9246522888000972 9.99630918468043 -9.29118850452928 5.921418975499457 -6.724712576521881 -8.848783913601423 0.3032747236855715 -5.707935449081845 -0.26959171939961557 1.971057907712579 -0.5269612218418751 1.8841332031909896 1.2602094323047464 6.993161869056244 0.726146456239174 -0.5545250413495784 -3.6439526259263344
-5.559465102965257 1.724472903531462 1.9347225085522912 -2.3732565680170015 -7.338593358813473 2.3555571524352437 -8.629053491886332 -0.09251568570070035 4.311762642938623 -9.888073178479628 -6.637227000203838 -0.19745590783349032 -9.651373413284535 8.960650034760892 7.0915033973926755 -3.935485936597969 -3.745632199727529 -3.365837438352701 -3.459504018517785 4.829511968535769
0.7967699373140968 -3.462666219160959 -3.817533537012805 4.596515466703721 -3.245941956314631 7.5433519640575675 -6.980291052319149 5.39287439978271 7.107756694351992 9.312485737395749 0.19193585030605087 -7.263113974166055 -9.624676283564897 4.728184221508275 4.939893832863296 1.6523456190106356 -9.399904247165335 0.1881019121586447 3.987673957585358
-6.0234793341499016 -8.314337013274464 9.935461441251272 7.287987249161018 6.292376749502038 -9.89152740042157 5.740240165241659 -3.3120082068259427 0.4562093425699709 8.663617389729353 -6.213063012159365 4.951506293830827 1.035558620132373 -8.635636541824383 2.993272846100148 8.729610477570171 6.6180423508745445 -5.536529721484545
2.050596194172636 9.939233623900702 5.321906264169758 3.467871941320877 -9.844780885266406 6.515348672243024 -1.3375066611195296 9.80398827100216 -4.541344460905162 2.4572441795786992 0.5471145351199747 -9.681441705798463 5.857422726962764 -3.2269487650965423 -8.000830661887342 -4.215285766817938 4.023249478916111
6.107994822358329 3.5385018505712673 5.11436955900789 -5.765532611951418 6.528419926763638 -7.451989110297288 0.9377166190659381 4.481257600833781 -7.198963606853372 -3.8536730332586466 1.6802761987399184 -8.381826807609565 -6.67340254607057 3.7291600762251975 9.498020009628064 -4.255817703614411
-2.337850534661572 -0.6798423598956438 -7.574921561688253 -4.301922687701049 -7.614863341097009 -5.669048953248148 -9.07963491671065 -2.657816616639197 -9.78849159976851 8.174505453769045 -0.617803082964612 -4.04079726851442 8.589979270004877 -0.2942927460265521 2.853559041613696
-5.231439790737593 1.9722532901801682 -0.44654087286531086 1.5547983074320637 -7.327640627854002 9.30602747691827 3.7910603618662186 6.5441512723333854 0.7424022050935752 2.3092786262245912 7.95726742229077 7.133118832711882 -4.422719968585498 -8.766134021100648
-4.8454644029999 -4.896407678740415 9.974355263752335 -6.087340974262359 -8.163508599708846 -3.383915733490428 -5.722810335888573 -0.29294045950552405 -5.446562577094851 -9.383688058034586 5.326981484678939 -2.1293034097662433 0.9502655172510566
-0.3292800571830057 7.055641254801017 -8.620960056430958 -0.05820355089329432 4.946375298404204 -5.466325280426738 9.066951751149002 6.000031313623532 -5.9784566992937975 -1.5784776169983883 5.450698371674509 5.915083589965013
-5.612233956357011 1.511336830718435 0.18255142721009365 -3.259032270350888 -9.087701652763142 2.3709215317343757 -7.961726597828919 -8.296029307584167 4.995690780252369 9.216533109542741 9.465564009346144
-6.406572243628361 8.24750660802964 -9.946526302794991 -3.4629274057820947 7.801684226065834 7.713700731998799 4.484457017928197 -1.890524950727932 4.9912702215942195 -3.178339472834011
1.2001281354269522 5.8360796894373195 -9.347657634520885 6.420949049440208 9.543957059519812 6.119772502814471 6.642695714373086 -3.3124684601749665 6.770631954890272
0.5966066997099162 7.032711648426413 -4.2086951832068635 -2.337918907745302 -7.524963703435931 -4.795600986821138 -3.694149636924544 -5.325691520115212
1.0794264179553381 -0.259302604719458 -7.884069489415926 2.4059542613089846 8.376469267936052 3.1844620492807074 9.294271118318742
9.02509244366415 -1.9541016972376646 7.247102312989586 -3.624964898373424 2.592652044470314 1.9382979426510594
4.590832592947656 4.456138013788308 -0.828731926852555 -0.17188092379617936 7.518116023411223
8.308233866761672 -7.262734599694458 8.294138739195308 5.897424969881529
-3.7323635087430507 3.620520937875684 -9.745787756328335
0.8688201797799633 -0.6620778069958666
6.435088801696938
