100
10 15 16 10 11 13 15 16 13 14 14 11 18 16 14 18 15 16 20 17 16 14 15 14 13 19 14 16 12 17 20 12 10 14 17 15 19 15 12 16 20 15 14 18 10 19 13 12 15 12 15 19 15 19 19 16 14 11 11 19 11 15 18 20 19 14 13 11 15 20 14 12 18 14 16 16 14 10 18 12 17 13 18 18 10 16 18 16 10 12 16 12 12 11 14 17 11 17 14 15
1 2 3 4 5 6 7 8 9 10
2 3 4 5 6 7 8 9 10 11 12 13 14 15 16
3 4 5 6 7 8 9 10 11 12 13 14 15 16 17 18
4 5 6 7 8 9 10 11 12 13
5 6 7 8 9 10 11 12 13 14 15
6 7 8 9 10 11 12 13 14 15 16 17 18
7 8 9 10 11 12 13 14 15 16 17 18 19 20 21
8 9 10 11 12 13 14 15 16 17 18 19 20 21 22 23
9 10 11 12 13 14 15 16 17 18 19 20 21
10 11 12 13 14 15 16 17 18 19 20 21 22 23
11 12 13 14 15 16 17 18 19 20 21 22 23 24
12 13 14 15 16 17 18 19 20 21 22
13 14 15 16 17 18 19 20 21 22 23 24 25 26 27 28 29 30
14 15 16 17 18 19 20 21 22 23 24 25 26 27 28 29
15 16 17 18 19 20 21 22 23 24 25 26 27 28
16 17 18 19 20 21 22 23 24 25 26 27 28 29 30 31 32 33
17 18 19 20 21 22 23 24 25 26 27 28 29 30 31
18 19 20 21 22 23 24 25 26 27 28 29 30 31 32 33
19 20 21 22 23 24 25 26 27 28 29 30 31 32 33 34 35 36 37 38
20 21 22 23 24 25 26 27 28 29 30 31 32 33 34 35 36
21 22 23 24 25 26 27 28 29 30 31 32 33 34 35 36
22 23 24 25 26 27 28 29 30 31 32 33 34 35
23 24 25 26 27 28 29 30 31 32 33 34 35 36 37
24 25 26 27 28 29 30 31 32 33 34 35 36 37
25 26 27 28 29 30 31 32 33 34 35 36 37
26 27 28 29 30 31 32 33 34 35 36 37 38 39 40 41 42 43 44
27 28 29 30 31 32 33 34 35 36 37 38 39 40
28 29 30 31 32 33 34 35 36 37 38 39 40 41 42 43
29 30 31 32 33 34 35 36 37 38 39 40
30 31 32 33 34 35 36 37 38 39 40 41 42 43 44 45 46
31 32 33 34 35 36 37 38 39 40 41 42 43 44 45 46 47 48 49 50
32 33 34 35 36 37 38 39 40 41 42 43
33 34 35 36 37 38 39 40 41 42
34 35 36 37 38 39 40 41 42 43 44 45 46 47
35 36 37 38 39 40 41 42 43 44 45 46 47 48 49 50 51
36 37 38 39 40 41 42 43 44 45 46 47 48 49 50
37 38 39 40 41 42 43 44 45 46 47 48 49 50 51 52 53 54 55
38 39 40 41 42 43 44 45 46 47 48 49 50 51 52
39 40 41 42 43 44 45 46 47 48 49 50
40 41 42 43 44 45 46 47 48 49 50 51 52 53 54 55
41 42 43 44 45 46 47 48 49 50 51 52 53 54 55 56 57 58 59 60
42 43 44 45 46 47 48 49 50 51 52 53 54 55 56
43 44 45 46 47 48 49 50 51 52 53 54 55 56
44 45 46 47 48 49 50 51 52 53 54 55 56 57 58 59 60 61
45 46 47 48 49 50 51 52 53 54
46 47 48 49 50 51 52 53 54 55 56 57 58 59 60 61 62 63 64
47 48 49 50 51 52 53 54 55 56 57 58 59
48 49 50 51 52 53 54 55 56 57 58 59
49 50 51 52 53 54 55 56 57 58 59 60 61 62 63
50 51 52 53 54 55 56 57 58 59 60 61
51 52 53 54 55 56 57 58 59 60 61 62 63 64 65
52 53 54 55 56 57 58 59 60 61 62 63 64 65 66 67 68 69 70
53 54 55 56 57 58 59 60 61 62 63 64 65 66 67
54 55 56 57 58 59 60 61 62 63 64 65 66 67 68 69 70 71 72
55 56 57 58 59 60 61 62 63 64 65 66 67 68 69 70 71 72 73
56 57 58 59 60 61 62 63 64 65 66 67 68 69 70 71
57 58 59 60 61 62 63 64 65 66 67 68 69 70
58 59 60 61 62 63 64 65 66 67 68
59 60 61 62 63 64 65 66 67 68 69
60 61 62 63 64 65 66 67 68 69 70 71 72 73 74 75 76 77 78
61 62 63 64 65 66 67 68 69 70 71
62 63 64 65 66 67 68 69 70 71 72 73 74 75 76
63 64 65 66 67 68 69 70 71 72 73 74 75 76 77 78 79 80
64 65 66 67 68 69 70 71 72 73 74 75 76 77 78 79 80 81 82 83
65 66 67 68 69 70 71 72 73 74 75 76 77 78 79 80 81 82 83
66 67 68 69 70 71 72 73 74 75 76 77 78 79
67 68 69 70 71 72 73 74 75 76 77 78 79
68 69 70 71 72 73 74 75 76 77 78
69 70 71 72 73 74 75 76 77 78 79 80 81 82 83
70 71 72 73 74 75 76 77 78 79 80 81 82 83 84 85 86 87 88 89
71 72 73 74 75 76 77 78 79 80 81 82 83 84
72 73 74 75 76 77 78 79 80 81 82 83
73 74 75 76 77 78 79 80 81 82 83 84 85 86 87 88 89 90
74 75 76 77 78 79 80 81 82 83 84 85 86 87
75 76 77 78 79 80 81 82 83 84 85 86 87 88 89 90
76 77 78 79 80 81 82 83 84 85 86 87 88 89 90 91
77 78 79 80 81 82 83 84 85 86 87 88 89 90
78 79 80 81 82 83 84 85 86 87
79 80 81 82 83 84 85 86 87 88 89 90 91 92 93 94 95 96
80 81 82 83 84 85 86 87 88 89 90 91
81 82 83 84 85 86 87 88 89 90 91 92 93 94 95 96 97
82 83 84 85 86 87 88 89 90 91 92 93 94
83 84 85 86 87 88 89 90 91 92 93 94 95 96 97 98 99 100
1 84 85 86 87 88 89 90 91 92 93 94 95 96 97 98 99 100
85 86 87 88 89 90 91 92 93 94
1 86 87 88 89 90 91 92 93 94 95 96 97 98 99 100
1 2 3 4 87 88 89 90 91 92 93 94 95 96 97 98 99 100
1 2 3 88 89 90 91 92 93 94 95 96 97 98 99 100
89 90 91 92 93 94 95 96 97 98
1 90 91 92 93 94 95 96 97 98 99 100
1 2 3 4 5 6 91 92 93 94 95 96 97 98 99 100
1 2 3 92 93 94 95 96 97 98 99 100
1 2 3 4 93 94 95 96 97 98 99 100
1 2 3 4 94 95 96 97 98 99 100
1 2 3 4 5 6 7 8 95 96 97 98 99 100
1 2 3 4 5 6 7 8 9 10 11 12 96 97 98 99 100
1 2 3 4 5 6 7 97 98 99 100
1 2 3 4 5 6 7 8 9 10 11 12 13 14 98 99 100
1 2 3 4 5 6 7 8 9 10 11 12 99 100
1 2 3 4 5 6 7 8 9 10 11 12 13 14 100
1.0788204500117282 -2.0750421258926655 -9.037464548398466 0.5134512218570553 -6.939228363762194 0.0002032198830792531 -4.878264405677049 0.8618631573902125 0.9653223903694341 -5.4842257228670155 -8.2150737809461 -0.9626074952565822 5.467690213946959 3.642292996107772 7.242826511537455 -0.9231000729179484 1.3887992305463381 -9.894557144972767 7.4904843720994885 1.5575869166211365 8.904581636618815 7.835737544428731 3.6375921947911904 7.807018312978114 -6.13076887578776 6.051189594456026 -9.53179086323852 8.408801291542625 3.382087365472357 4.842976062804163 9.317749733672287 -2.0034600736984043 -3.707123543996982 -0.1780617543295704 -4.087301687793746 0.828738089845813 -4.13814793719771 -5.282755971652948 3.9919100850707 -3.0624270443467028 -0.8227204031696456 2.048178001898293 -7.795316516478388 -1.9667507918204086 -4.762655232574171 1.972348956910277 8.203022963912993 -6.378403009581739 9.729055567573537 3.7452876085118536 1.1622373401876507 8.836516296047225 3.417515705317642 2.09364647292424 -1.896027108597893 0.7579469643324721 9.355439236715846 -8.905391654177834 8.248779328079612 6.94165183396275 9.06001625363073 -9.948403389473366 8.356324980074849 6.474880230562925 1.0307162663125635 4.738576670235172 8.725804499820015 -4.999473180265886 9.62711322817384 1.158842003395475 -0.2558839813729463 2.0101721734751954 2.053520574626182 2.137098765368164 9.385910181094674 2.3982008606920835 -3.136381319346313 -6.28744483792177 7.538101226042153 5.997726678678914 -6.783886076631851 4.802996729467055 4.762435308964712 -7.927435608129825 -6.921565488894097 -9.615973291957484 -0.34370547420391695 2.17341995769601 3.775722115196629 -8.100754636576609 8.355232967345643 -9.59062966427564 1.015495491462155 -3.695582567048341 -1.0692472919757257 1.0322614793650797 9.164297885349535 -8.74926364948861 -7.491575513164939 -1.4623960235075462
-7.4365627536161565 -5.227459511233543 -1.8819973510023313 -5.321685441119859 -2.061195543043981 5.082412007828658 3.832368609975363 -1.8172390622842904 -3.761794771929794 8.504061795564176 3.3538603056914984 0.045924575516811394 -3.3997827322231 -2.4845659400868003 -7.023758001867781 6.551268799993 1.242453375825019 4.255460078330653 3.482046901603011 -8.269963541585971 3.08010286660924 5.936188645614635 9.589328167800593 9.5947241809675 2.9808242242061844 -2.9770115665440833 2.4985121759519613 7.472609496887522 0.20586618303998883 7.34983785904906 -5.498472380386286 -7.400210942223842 -8.282163565870594 2.8469908331438787 8.589283708136215 -4.018254073960044 -8.123553099368255 3.20566106988623 -4.781221797356034 -3.6866582789004254 7.524938438000266 -8.9015639668826 -4.210134220572934 8.128934964888773 0.9925531356884987 -4.00222249362439 7.130965777758462 -4.204253857982046 5.24196859051475 2.282245462624606 2.9600437342078645 7.080698224135238 -6.706156430510952 -3.9010744500783923 -8.477049076510653 -0.38837871012227687 -8.2973698436559 1.8266135009007312 -7.013751557733492 -8.48583897320754 3.5650427425140374 -1.9607076249116573 -9.468425576174713 -2.077971762711386 -3.0119095735429635 -3.825597750594969 -7.440121335735417 1.154846557415481 -5.799162143163037 -9.283362440734457 1.137522136358653 -9.761899359599468 3.8781596045118993 2.3533968763543833 -2.0380180439730533 7.477620369539018 4.318212351849611 2.475582106425298 3.3780802024871037 -0.7252459225286545 3.7915456099409206 -6.239838840132103 -3.14247430121382 3.722624274371955 -7.332535991389353 1.001726784335708 9.016396333644689 -7.147477022250648 -2.8439555254263316 -5.015933961600794 -9.482875015652626 2.313516414596901 2.8123700261386153 2.0919508360323302 -2.8425130822575495 9.516612085714744 -6.731251674564584 7.342303463410942 -7.052042713672774
-6.132617747459417 0.36260172610069974 2.873713379260281 -4.573406852365524 3.20750064677364 3.0831480793140087 0.39007428719240567 -8.26095570206546 -7.536296438832666 3.3783120865226124 0.7571405351185745 -1.4664231768568214 4.955113910193882 -5.2289213978842835 -2.001356372608989 -2.526683500003386 3.3200704726838803 -7.175200166770594 9.468430072707388 -8.185765612393388 3.940229979100267 6.813704360632418 -4.624913528264917 5.05538463716192 -0.3839701193719969 9.45602857602232 7.4624383245171 0.9208345249563576 -1.0550492922610077 6.395418208958623 -5.837273817229695 0.999487131313852 8.895310647135808 -7.005231247753585 6.372838417615487 6.023994149628544 4.182812848820343 -4.842236494309155 -7.313760437065964 6.785722878386011 9.982989007030323 -5.123201343149204 -2.627139483827994 -6.332703435174651 3.4186367986833854 6.408221856152614 3.815906943721339 -9.721193173746531 0.33334228775493635 8.183678140800454 -2.3367841361907105 -4.329541459644199 -9.99237082543187 5.0699959458715815 3.579223017495061 2.1493539290306996 1.7316401349808452 -1.38467040990077 -5.411471714118328 -7.310068211623726 6.340217237501184 -0.029873002430280682 5.074905549700706 -9.73354478914718 4.658366315240478 -6.754617948845636 6.647367178038004 9.249909653936687 -1.3752259145896617 4.939411782966159 8.402416580795514 -6.213436610574014 -0.31285860782662267 -7.187605508895372 4.740812683715074 -7.3833706551601175 1.6453872785958668 0.6942225827429138 5.668970864203553 -2.517136261840074 -1.8591142152821494 3.2808989621974716 -6.705591165429268 4.7300926455879715 8.06922625821465 -4.857787976825067 4.162904418194402 0.5757646767933222 -7.911159782761761 4.631359431564086 9.726611660974957 -5.4096589680871965 -5.712040314654132 3.741238858654079 -4.2393251263158405 -0.4064880313269392 7.767622427342678 4.937298044288358
7.6758501231036576 -8.909697469507922 -6.084764736974975 7.08597295434372 9.154618492646122 5.139604379363691 0.624182231434427 -2.399358302983783 0.715172082753881 -5.92079755029703 -7.998418887006862 9.60758439694678 -7.677347464675977 4.446024084049187 5.538992521781263 9.806751708091749 -6.60842122783337 -3.33298340519556 4.0517713536294515 9.438287931825396 -2.3481328126109036 3.8169444367590932 -1.5342657612172728 -4.796895711079419 -7.35753886204253 -8.000784988606114 6.292613536566352 3.7995212847908766 8.107145545658314 -5.003181997252013 7.462027453239832 2.005341434568393 -0.06702047743829542 -1.4604357664010092 5.783012552263884 -4.397027109484137 -0.2988546179019447 6.003813073574067 -7.71431858256353 -8.95552041422744 -0.1506118134555634 -3.1650588489936604 -4.615676825390722 -4.889516999976187 6.371811100184972 -0.8981994762399204 1.9953380279259525 -5.348483102227015 1.0163697513053038 -8.946072603050796 -7.571452664696747 7.190429364346795 2.9793941057788165 2.210508641682194 2.301625471005093 -6.940940650696943 5.685452906825823 -7.844013254682805 -8.980627995819187 -1.0087625662305832 3.0816867199829323 1.6776876503227056 -6.157212449703282 1.3354050496276448 7.231896229351831 -6.588629760630642 1.7478243689176476 -2.921648525374254 -9.96969108611474 -3.91845712872545 5.940027893884412 -3.476316512419657 -0.3102968497686387 7.119305191563146 7.672802325734464 -2.9618064509437025 8.859623645431707 0.782516801574169 6.927825632084348 -6.1749553088754965 2.443165027370633 7.571982514208225 -1.690873931805874 -2.9982785208628293 1.2745642318376382 6.231930544507462 5.6142775435836745 6.396807516729113 -0.5842925622352091 -1.204179115479893 0.6128175938690372 -0.8430611420129619 9.725558722177167 8.850950782538135 9.874330498323907 6.412652646663979 4.751562032446037
-9.771537789869996 6.096207184643198 7.805568450318621 -6.120194127306919 0.2810328128389994 4.666588937081495 -4.256235374575741 -9.974541892539959 4.186719491670101 -8.267233381597059 4.970891199639267 -2.7757537279501676 2.206114583338752 7.317065484406864 3.7249473869715977 -7.58353398123679 3.631553464036299 0.9103187196726537 3.7689134575720717 4.102690591624565 -0.534268456308471 -6.57473414227443 -3.1200967137344793 4.399153717414233 -4.6558782458571235 -1.3299641110579263 8.760034952241165 -7.5015906962345325 8.203349523944315 1.5739516412183652 -4.1199351943056195 7.65071372524331 8.774304745511177 -7.223061329106697 0.2544430309665824 -8.138069093202438 6.3316741964151335 1.6934506463399956 5.490716920246346 0.22720544116332286 -8.580572126111505 4.515744317159955 -8.007678099735474 -2.776168004598316 1.2456178177095723 -8.52301485812707 -8.192360706330259 8.097647156994585 9.638584920125117 -7.00341844085921 7.630128453164273 -3.7291450782307822 8.191114797970222 -1.4025972045684743 -8.224641858062093 -0.30248511469149975 -0.7236276043234802 2.852626622529424 6.1313352388344615 9.831219999510612 -2.8932227082220963 -8.229257426344134 2.3917056603090847 9.836515326465465 6.3739247949538385 5.418903996638491 8.731744230509301 -7.540016913638922 -6.166841959777576 -3.3370942590728703 2.144893538356021 -1.9058122510105724 8.363145819283368 -3.248823929857556 1.1828189762746932 -3.546249403560202 -3.5298896321890605 5.367838900563388 2.9821836140273583 -9.705485810689783 4.315856968579044 -2.62618813667705 -7.855329607288737 -5.472793589819458 7.624275674210699 -5.9067137572946855 -6.878830525061499 -3.395894788255034 -7.477098438002285 4.601924548811365 6.717955864954714 9.890855190863725 -4.769831159330757 -2.297491049441902 7.872089726507938 3.719119692166728
-1.4043926650563021 1.8643219188970983 5.104191767438124 -9.248150359367887 -8.957967917309036 7.865088045649193 7.691025668431952 -2.0961573166524095 1.823482483726031 -4.993316979189197 -5.910273878037017 -8.341207095147462 -5.679822795137925 4.661911799963008 -9.561283802069847 8.511067373252253 -2.9873471635782267 -7.408056247690597 -9.364585753451632 3.939052754681718 -6.473540733961059 -6.6872779908082975 3.4862793449796814 8.195565125965311 7.021048505961676 -8.31267538426551 5.337941848577959 -3.1152644659742212 5.7068291125085935 -9.260824932610735 -5.627523740134359 1.609432065496661 6.10750803358215 9.789266427036615 2.816162769121462 5.721385243179549 0.9991878994198378 4.717382840186739 -3.429511113815953 6.660891764688803 -9.982585874494099 -9.888531085980453 -6.870806078637564 -1.7582639308540426 3.187875223978056 -4.91547653401941 -6.43046595679545 7.124074598207217 -5.097071803969615 -5.255623275475636 9.349039403620004 -0.006825874275293575 -8.856574802056741 7.667704530662213 6.217578285895183 -2.149769731112856 5.020937847167744 9.439452095463723 -3.685490209159772 2.9949063599035375 6.902394568679144 8.44977885538934 8.768164357762547 8.70738689983926 -3.992722401490665 3.575931365138161 3.9949856890047264 4.203776973575981 9.572666660736235 -8.197605861463034 0.9282978202440217 -9.708057529898213 0.5047983474829376 -7.230234030447851 -3.6911340602992926 -9.146795688446922 -5.371182576368774 -0.6553339129589086 -7.989728112996238 5.723927032700205 0.6770951899872646 5.735576678919929 0.33390113119453835 -9.629643518288793 6.1792273390332 3.576371922947539 -9.082551252417952 -4.909250120213549 -7.966890016912796 7.90544874752483 0.033589222228764815 0.8256585333302979 -2.398462807326205 1.6072485730593922 3.9899258286341888
-9.967528527969773 8.42095702223929 0.5548283822423938 -6.831083838379158 -9.52485206259411 2.6517025062708055 5.61000578055185 5.394958067693847 -9.608844741134616 -8.121813646871319 5.017633571826483 3.4439446407663787 2.8759744341924454 8.86012253484289 7.1490225716860145 4.8867132742392805 7.240793453913675 5.159378436902518 2.653530151413115 7.287311599315092 1.2807066158626146 -7.9410834751131665 -6.509047466294973 -0.20038941260277054 2.565417353882884 -9.648306239104468 7.052595676402045 -9.140363058060341 -4.382207198148686 6.452091651833019 6.538346934716466 -0.7929887460684237 6.207098340482835 -3.674571509677569 8.301783555792356 -7.770141500888375 -3.660229379640807 5.733212013625426 -1.4760921268858684 4.146510589676389 1.2555507950499067 -8.878158907609157 9.704179256840336 3.6054795782789784 6.590934291853827 -8.907564236899523 -3.178588300015568 -6.356156362932708 4.390895376394419 -3.9581739386906922 -1.5387182118243525 8.998006300172108 4.213356155006718 4.995485528456145 8.459103598608287 3.5050212614121 5.308613671670543 2.193110347865783 8.712095280037335 0.9441919246061725 -0.5359212013882608 9.541187808854803 5.3018450426385755 -2.428993380721638 -2.249741800016505 2.8385698323804087 1.4787716008334395 -4.235413640803387 3.3237977990471546 -1.391608160416522 3.1528522718091057 1.0828333802645962 -4.472134967880407 5.4017577518226485 4.9196465451421805 9.98079853752628 -4.276345647538065 6.106846135115724 -7.9142188211207625 -8.32883557508994 4.2585752459419375 4.120543444085745 1.2840578540443093 5.985238236081032 1.3762245148809082 7.746829668875989 3.399183899313507 -5.37722434829025 2.451156673614996 0.4493916981686574 -3.3375414304386153 -8.263971280874307 8.413661915373913 -2.7933838919816134
-4.748334427310974 -1.051789761215205 -2.64433162522681 9.823272703482989 -5.132178918649797 -3.4617802058504688 -9.241500273456278 -5.425121193839695 3.6272150468722053 -3.776061983440291 -2.4573319582005304 3.143554387863461 -8.58427759056455 -3.1782187386673577 8.637738723105137 0.3911785347144314 -2.434594185344099 9.701843105425601 -9.507551295524548 4.601230054308916 -0.7015749073647859 -8.246440248536684 9.29803738425054 -0.2602188618571022 -7.781566816955956 -1.1158067211929446 -3.82990058958268 4.548954743632638 -0.4398669165046143 -6.18025028965101 3.0369077174936776 3.912033419495946 -0.16891122367592715 9.105564119713879 7.902867593470313 7.675362900826029 3.986644657699825 -2.939475329406387 9.202470030117254 6.647850862807427 -9.191466355948478 -1.6827416792027239 5.1129198714433794 4.314194176790447 4.251340411146942 6.953986388949398 -6.397290609295922 -7.734977442712301 2.3204440789946523 9.993334511655156 9.052612319949615 0.5028216356065607 -1.015903841816992 0.16366491735694044 -6.623264747816727 9.298451769053393 8.886702387223844 1.4443534814237546 -9.441850866223056 0.319235682564456 7.51428856118324 7.8559779094082955 8.196004423973818 -7.603464598158533 -8.297853170214083 8.425719465197513 5.248700856635786 1.4531492668666202 -9.566394608323751 9.06187737621336 -5.725432467637523 -3.2530118238912187 -4.743266912722797 -0.1875085184095604 0.9037986778982976 9.527317679668592 -2.773292323026819 6.483806451946734 2.50479993184626 7.069963835506973 -2.9782535982019454 -1.5508808821943787 9.72983298706314 -3.3924584934559943 -3.1780963377234817 3.9298752885607158 8.546450865774055 4.8465925342015765 -6.293921756295795 -6.395913263884911 6.628898819439161 -6.477703360722953 4.810317433504336
-6.0981803928076665 3.2269430476754724 3.1712024922249693 -5.63250087203053 -7.277852078428609 4.521039875597756 9.937423216010501 -2.141360471051852 2.138614330553321 -6.797947743647688 2.006749172574347 -7.343812236718952 -2.780528603432424 1.8980678533421247 -8.346485062585216 0.938243189311978 0.726267418012152 -6.139245863385652 -7.976177566020731 -8.284561757251774 -9.496582302074266 9.530960852390923 9.081308811346368 5.8891553457453245 4.545007605838009 -2.380528308658898 6.855126552259994 0.21477556961763122 5.629813720365746 -5.054184389961827 1.0718334308780997 -9.963297815975821 -8.87411740175676 3.8567591949774216 -2.055772892926062 7.976122066782616 -8.20939524974192 -5.5335748786237176 -2.1344599839595757 -7.471087983615929 0.2998919241723885 -0.9808036101481599 5.753594180233151 -6.264481705043838 -5.249242528379252 1.4531500549953824 1.243365224931321 7.211749819191439 1.2995217256911928 -4.9090216269291 -4.813128548746388 6.4582972241554915 5.678110356959694 1.112277360860776 -1.9588980157955627 -3.792308019589423 9.3020523161028 9.490121203038477 1.2753434112855766 -7.638551772352247 -3.928645154843504 -3.19403502099187 -1.1971094340418165 -2.3414192124295075 -3.8118538665469415 6.328791321482006 -2.562151122588905 6.318875375181934 3.275465779381259 8.065898674964751 -2.5139929503869007 9.21561663813305 -5.4822999905858865 -8.217409253781959 2.265078020302984 1.2388674135805955 3.562143837332745 -7.1910407438885375 0.8901864079551047 -1.7771828160174574 9.459442715636786 -9.346511912218707 -3.34263174179257 -4.211489961964405 -7.221022461821496 -9.969744559804052 -2.215827872842977 7.615166513198936 7.866530008202255 5.952451686444229 -6.458749946231157 7.7306125966378225
-0.7014744800306216 -6.7755195980471905 -8.994224889373099 3.3568923561224895 -9.29900443477183 8.484206217417746 -9.119744759485389 5.564845002517915 -6.6531363387548055 -4.590739949146081 -5.68748183187934 2.144506017996579 0.004716931310491113 3.943700989043244 7.864360077312169 -8.96940978169161 4.42255715438449 -0.5114777715168084 -6.209704880064901 -8.334390402563889 1.911491168453796 -5.691512500653606 6.126263858436614 -2.214086861035538 8.21683199733558 3.667416381292563 -3.2459717933812082 9.305098287582465 -8.197301689533207 0.0026739830874422665 0.23070629292308853 3.2062728227706305 0.6908997237308023 0.5559659478239443 5.574653061818051 8.875397827579178 -8.783455188414283 1.8693504695947527 4.14869228289648 -1.711687624463445 6.786801975632524 3.166656240065726 -8.212082502281957 -8.076866038922104 -0.12021407489989366 5.00453890429487 8.480746054050742 7.570590657353147 -9.476494611486178 -7.157256539222143 5.540037570745271 -6.080681073474503 8.888185767300062 -6.7639955137340335 8.109549197609612 5.934764804614607 6.658016142308131 -9.696938371261856 1.5355434305376714 4.8353436369596885 -0.9669466985993269 4.877584667900139 9.179901891342052 0.7688379524075595 -8.532572036721827 -0.29368114309322957 -2.4636984804240436 -2.5621399149906554 0.4412060341884283 8.50645314480798 -6.7774535621039655 -0.47525557779210637 7.992067905951412 -8.86488794987246 1.0478493390491606 3.430670203264934 -9.759585127689345 -7.389499627613039 3.6266510536765018 7.5341763784653 -6.925615477098654 -4.0675738266635015 5.7421087096692 5.312365261548098 -9.063290550585311 -2.747715061394893 -3.0317681694398813 -4.116829406185714 -0.48543760531245095 -5.507630235516283 -5.088129812830411
9.194946381519092 -9.880651613273887 -6.321324346883812 -4.090915016050176 -5.180867367964153 -0.6589607705175426 2.934436204729123 -8.894335091026967 1.0366247806335482 -6.149532801148991 -8.296861252385852 4.907714886883001 0.16476655429792597 5.626642084473503 -6.045218542766156 -3.9673675722131785 -6.45961162909545 -8.815027713950387 0.5137536516156449 7.225520445741351 0.1182162493788308 -4.857434837821439 -5.743960999509474 2.5627657750639865 7.78051013764439 -6.63666706437451 2.0012272954708132 3.3788382941340234 8.215647486672191 -3.8312459844111535 -0.36051764993862534 -9.614152722950234 9.72035359794356 5.29995329467805 -5.337530558984174 -9.379084077986368 8.749629958471434 -0.5314730243445664 -9.16988383461998 0.7525287688253002 -6.303882460970398 -1.5336905354484864 -1.2529504626609222 -8.397564279626684 -6.732014209817727 2.162317643019842 6.8613587026752505 -0.9291865584891057 7.434875597676065 1.3035600629011301 2.3034179832841373 -0.9805127262512725 9.48999122349587 -4.906778859809588 2.2164043069162 3.685883350799266 2.2649849238167485 -6.119910992249363 5.64642478722255 0.8386779328574145 9.185692720152964 -1.35693450421001 -7.52537452943738 5.821463202462236 -5.013721798527547 3.7592426039456717 3.5969154977557416 1.4864520141685778 -1.1846340637552544 -3.452479532517405 4.074756018793826 -6.503143115276291 6.903724763006123 -5.496098456693009 -7.2614335039024684 -4.0220089759425015 -4.46884344776649 4.982459359518588 3.6741608206169096 2.897893193284964 -6.695095521608392 7.4471626773989 5.841039662241507 -4.392829325256105 -7.209465125119625 -6.0642641427463335 3.6849376383936527 -1.0081788868951125 5.965304028427056 0.4285581648806547
2.865041632252341 -5.263066254929107 3.890673301763634 0.647304735544072 -7.681531498090499 0.8803913916563744 -2.663174749299293 -4.939939877205872 5.966289443748289 -0.3946326484233875 6.5115622095502275 -7.597888129446759 9.427064803681617 5.096144802955081 -8.491870479645176 -6.143234196394887 -3.0595407664577157 1.6228411802617937 -3.773848076493489 -6.737352603798767 0.4971611831154843 9.50313689953279 -8.030642228632768 -0.33931647596373793 0.3605300547811696 7.243304632426644 1.4678830994065994 5.2838826984862735 -1.6391039351043846 9.108814360489454 -0.11739558996686661 1.5468506310300878 4.405965104487965 8.212942121597141 3.670562295054731 6.395337914762365 -1.204047842987237 -6.200426405418071 5.336001830948122 -1.6226606553319933 3.9640263665343722 1.415391069274563 6.607007763434238 -5.686230371019514 5.850854398676708 -4.090485383494153 1.9325892558001323 8.921578751284917 6.81747562641368 -0.06297554681435003 -6.241527896909902 -7.280980486470499 -8.571320545114535 3.5296230972029585 7.274708126492502 1.991972073564321 2.3824786696318156 -3.758522120838985 -0.22125239611947567 -9.099999902043535 4.21736927423712 -7.723704631972876 7.598651404635765 -2.6050642199172303 -9.066901126089949 -6.200033014257789 -4.701089922048263 -2.8396741107664436 1.7695812603832017 1.0896419252946998 -3.9713759945928295 -0.07072653942091334 -7.247650748217993 -3.6293528003070086 2.4678996574407197 3.6442690038301317 -4.031047172847071 4.146699428709764 -9.061956317650699 -9.925670229736639 4.113999807188775 -8.19266643878884 -9.666679843139946 5.832205415589565 3.0638666312712814 9.817284336035875 1.2421982189120517 8.183435065203 4.404964055156104
2.860203655894016 3.5359422903301274 -8.063053042339401 6.201481724484907 -0.293914300344702 4.33198793065932 -5.964530160664414 4.577740746412289 5.766730077368303 -7.730989649569617 6.706991027321001 -4.442623841233207 6.1080437349183025 -9.676938809437768 -9.966281701498552 9.849897831338287 9.715500053505725 9.373363253694771 2.8804304904850286 -8.582824244912192 6.81076796582629 -8.167480289528275 -0.6274393159798741 -5.884484218348566 -8.501808557143333 1.9762527876157776 -3.0818165034622336 4.323194155556978 1.0607978608049495 -8.313383952438251 -7.410834180935561 -7.878417517353191 5.2584563445149834 -5.612891475140174 6.773839363858054 -7.347401657217139 -7.178851378469386 4.864665405647477 -6.8821176057100875 2.1553047413926962 5.69872396698236 -3.7039808343510683 6.451688876099853 6.112843971513615 -3.690401338741467 5.088611414643694 0.9141761807906201 2.1791680694634175 8.449199456423885 -8.619572349351557 -8.718122154034136 -0.39552051567170565 5.244692769118635 -6.598885881727772 9.90789761438875 1.5925882003750402 -3.717396274569491 0.06310890030430061 -8.599678575762969 -3.6127136339420485 -1.984675564645142 0.27287427461906155 5.522709779172599 2.988898166466185 -1.2127120671138503 -9.127358504939593 2.5956664178868682 -3.966177247390117 6.174894480022505 0.11262478402747078 -3.5847186116678653 -7.226877372846157 -4.052611513076052 -0.9826213014696061 4.939072343587762 -8.04502664309192 6.3752013671398995 -0.5155448198364176 5.171118943523743 0.16028036678642055 -7.433116808377367 3.7887316463979515 8.518045658182395 9.275104467266356 -1.4666559914258337 -7.152135283422121 9.557672897939508 2.804981002749636
-0.27341626661689045 2.090799009662818 4.200217706071947 -1.5543762078952006 7.1214709196541985 1.4057003133964718 2.236784749352003 -5.376726335252739 4.97722376764111 -9.41782360207407 -1.1667949729675087 1.0685698087973083 -2.456802542575467 -9.464623868232671 8.455100728794562 5.7746600113253095 -0.7978228413828115 -7.585313396832312 -4.377110248779736 7.060309900271542 0.5110826760154774 6.668429506712775 -4.562807101818088 -5.774986739290913 5.648019346730491 -7.351186957752782 8.187802876699195 8.307203114313673 3.809324316178162 3.6251946712513416 -2.4786117374579164 5.72542772371289 -1.7430057995079218 3.051162277677233 -3.823345659514308 7.8478878609212455 -3.22469521215365 -8.956955971067213 7.649123817378745 2.4696622867334517 2.699453933113578 5.978868549964755 3.400918285461123 -1.0728177023319563 -0.9243969299533572 3.3458042823025824 5.953731541897813 1.1486018337500337 6.536358817077447 5.158813085940768 5.813958323579054 7.787659994655176 1.4553203309480245 -0.4677031596020442 8.916425858345495 -0.22518740591776165 -4.488520562051375 -0.7211833630122655 -0.21925454358640017 -3.462258249355752 -9.491953344505406 3.126478286818448 -4.304744360209094 -0.503355181699805 -2.51046920910049 -1.8226489846185712 -4.953013124888339 2.4335146131614116 -6.168700862909217 4.563194620904818 5.970454801906717 -5.3627107298132 -5.930334145602744 -9.713952317844448 -1.716876564172225 -3.601518974871891 7.380449923860288 5.945242739845071 -5.83737542378211 -7.700485129068728 -8.822653758548322 0.40982365443337443 8.855274753006299 -2.380478816102216 -4.895721757456524 2.566973585157273 -0.25098094086943634
6.510302449150728 9.37720593927266 -0.5984557787202416 -2.7168120886941782 -0.15625841399482532 7.5876123636363495 9.33161878812032 -7.370457583669925 -3.361544673171153 2.4030760036931853 8.80945299434984 8.651856018891134 -7.741547768129591 8.319769586873678 5.215565000788882 -1.7269789089224874 -5.128048295811598 -1.3292293841298242 -3.184194152469275 -3.106519602636215 -6.517839591908119 4.458092775833364 -3.7516219546352247 -0.7503328418258515 2.115137126156168 1.0751314680272905 8.39821376604358 -4.8634793204241955 -9.786823403101973 7.175827262646042 -6.094506214154771 7.701236989944329 3.80132319281413 -5.485146293815402 6.67492109856799 0.24011285221845258 -6.414903370176739 -7.535529810621955 2.6267759709086547 -2.4964754395973454 -3.633416604632982 7.406704978672343 -9.057282207053978 3.9600957371471224 -8.010204538256861 -4.215801687625276 -5.044621781125629 -9.565750807633018 -4.076576027445826 -6.207150400283361 -2.0080870060585387 9.65257499493027 6.723663847116899 5.0903833607672215 7.6967220122564495 -6.602302404774734 0.12738243545597383 -8.833657290921265 -4.788822949419121 7.010546333905916 -9.979338337546116 -2.8192172402032267 -3.919545329079017 7.355338884741405 2.614870129473985 7.610385350497168 6.862258010804809 4.4220993266250685 0.7564052828630263 4.739211034221926 -3.2052688977956256 3.3995113944671917 -3.4233626237070913 -8.623458389515712 -3.619744805447218 6.275621199423849 6.0817098086657655 -5.592449234168391 -3.7199932495096233 1.9230588602263965 7.506663154920505 -6.303278257677654 0.6353741508274013 7.828395383519455 8.032251904175698 -9.420736158660734
9.507457793329285 -7.755174048087867 8.218446186206341 1.5729769558622975 7.217924121345254 6.375712259547148 -3.3421016742542853 -9.723342808819876 -0.14391385710828652 0.11522392732035591 4.421645692279405 2.0827107757866137 3.53414189857705 -3.4579836658696683 -3.73362001239129 -6.820397884087632 -4.996774901013879 9.65452070582825 7.192803864602295 -0.16120535211019416 -3.542355740325307 -7.4746058418932915 6.415501040078519 2.1461478186301264 -7.870294095507009 -1.8956695238133725 -5.377289278428239 7.897605096802169 2.9085344442219685 9.127452002589449 7.918635668332017 7.4242604870890005 5.367705500959177 -7.054279019321719 8.384887365805016 -6.940694308177657 -9.35154382135124 1.3614323655387794 -1.228171739501891 -6.394328783626944 -7.154125951347099 5.254889357422878 7.052106800419773 6.970209278791497 7.096853720889166 4.899469582619469 -5.181586676470317 -2.1427897762203907 -4.974556418901354 -4.747843300283585 1.0501086290215378 -2.69277532650835 6.921095800913422 -5.692484127903152 -9.160230364403567 8.720758573821424 -6.077175820839534 9.119635455190096 -8.515686831354332 -7.730116347066942 2.840673367761246 -6.7063272457665875 8.431022096667418 0.9936412201277656 -9.294375023431012 -1.163983227665275 -0.8384396436306796 -0.7528137586383177 0.20179544159794727 4.174247548381523 -5.569859351853834 7.398593568905756 0.9862002151031346 5.983795756600097 9.969468152648279 -3.615399211459631 7.495174036309029 0.8060920848729647 -0.42893466631599875 6.854517942690849 2.33198063773298 -7.41906009703211 -8.969205534417924 7.761287426316754 -0.5174744231201789
-2.5162638091133327 5.390512472994384 5.298709696055424 -1.8683857463186349 9.168932776079115 3.3001082203733234 -9.17628475831335 3.1867811951788894 -8.45115141475296 -8.78056555228623 5.788116035884492 3.361654283579374 1.1331932994556104 0.9069920164527323 -1.6931874868080632 -9.797424404302468 -4.339046574306218 -5.330600430169721 0.16806733072474156 7.012914452091028 8.01679649887554 6.105931447337585 5.772577690460912 -4.750879569921276 5.676827740500954 -3.122911794519887 3.31988925316298 6.398712045922337 6.454515205468301 9.402787996859223 -8.211283348999764 -2.2534045538944625 -8.191722365105354 1.1298977185663528 2.360876452368801 1.0167933615577285 -0.06584510270951638 -6.458126904215751 -3.0699038046387583 1.5124709352875998 3.4354132018156847 0.8112651852156949 0.9997902491151223 2.626051751054379 0.5763703867226444 6.675587296199219 6.918731139760055 6.865319221370781 -2.350211341479087 -2.787211051094929 2.3094941788147683 -1.4491158266439008 -1.9894217254541702 -4.850425720786291 -5.537237211839847 9.305483940712557 8.048246448596828 4.463884179224344 0.4750800396637245 0.40782894696285377 7.8378271117290454 -8.611325489214277 -3.2812657336607454 4.587995405062719 -4.06227989421188 0.2920555255783319 -0.7340555300174811 -0.27168611721105407 -4.683529072517532 7.615685984287253 9.647393366300651 0.09389857579499727 -1.9083173083548322 -1.6464712740319554 -0.8988853720025958 5.955838348206681 1.1853175483939693 -2.025055051758131 -6.257144455649573 -2.6363153763492764 -3.6912706118668748 7.643055981572953 -4.022413083240184 -0.977022541698187
-4.41936907873014 -7.3926968002700155 -4.663100873971555 4.191882994400151 6.292480326995604 5.693513763481102 -6.656901736354113 7.356369921277002 -8.52625717588576 6.451147089562297 3.2447134633393837 6.421036517371217 3.995363665432743 5.619233775456252 -1.5121449673907184 -9.19738417629241 2.3774205373016755 4.305722112904209 -0.061845274103575765 -4.934075025367188 -4.077668498759106 -1.978409301356292 -8.318862437306223 9.773507699056447 8.646766830857766 7.964112168368745 2.6806473278814757 1.7214671081504918 -0.4966445925070384 5.648358344821189 -7.802744701441025 -0.09079675139634036 1.4751037243365417 -7.482416335813458 1.1400868377280693 -1.5682824184484745 2.4397874456073776 -2.7633277635564624 -2.196546003405977 1.675316879311377 7.208841648104647 -4.988422910058596 0.09979717124790843 5.772065514937856 -6.898886920895788 0.09524600180506715 7.383980903985405 -6.725252167305127 -2.1990627730752665 -8.401315204254189 9.672643442000224 4.593429542626383 9.455264922664481 7.539723012649118 -4.044028635505219 6.712499128837814 -1.0230334736654956 -0.3330851130394308 -8.128196511114838 -7.399494416670665 -6.410039983101619 2.2700627595488854 -7.515197866431782 -7.866296224265672 -3.4601080507979542 0.5756816331301495 0.2662517492344607 -6.176545408729577 9.714420688507877 -1.002000910318701 5.030830477317516 4.705971328448877 -8.43255801861956 -1.6437666074164925 5.968658879637787 -8.863983192324824 -7.6679390994756025 -0.9864076617614592 -8.893742404974578 -7.647407993871882 8.435762730371795 -6.960858702394694 -0.8759821330689066
1.0550944553270591 -9.26218866669335 1.5370881359120814 -8.033593677491613 3.365406682723129 4.151517156814773 -3.006328633633344 -8.429926020431708 -2.981134577862279 -8.186296746032971 -4.386202384474944 -9.940126222708837 -5.71834171985893 -1.072415309238357 -4.019041380487829 8.923781940637301 -4.323366432181666 2.4570318973677074 3.7985039501140694 1.2702731558043245 0.7021641097653131 -4.948124772001455 -2.637423563678556 1.701240132679327 -7.878242752607322 1.2740779237215283 8.489709631398526 5.761132537355602 8.751924187500226 -4.4973548618579 -1.4174134792106075 -0.056910780668371075 8.237211079779375 -5.482801817140737 6.296852482852229 7.305031543126768 -9.586923615957746 -5.967349413504701 6.074068545498044 8.21311040948337 -8.918361896690477 1.7424676916148796 -5.510701936321 -9.345209985098595 7.880669986682454 -9.248228595513018 4.8810860952135515 -9.13412246528605 7.080068592107473 5.39561654339056 -3.831263592206693 -8.074033879184697 8.328554614660128 6.547276751349926 4.443054135346072 -0.9497112812500275 -9.085482958447336 -9.464704036354693 -6.128443056362776 4.736531302164879 0.23831817081462647 -1.486128053885134 -0.21246236499614657 1.5534052320082692 5.284271780377048 -9.299254813726265 2.563480757851291 -0.5230302719876168 -1.799924533080448 3.661053767583684 2.1612131288969105 -0.15991320637694928 -3.5988050607556654 -5.052495040051723 -7.586081494690189 7.324843401045012 -1.2452657202288409 5.603758967468311 5.460187246717247 5.740936193413648 -3.8080461380450936 -6.329325649154292
5.251675922510135 -9.930856567340346 -2.84161311195811 7.188437017645571 -3.135436344093425 -6.583725148434798 7.6429097059331275 -0.07283256400486104 1.4581537286755641 3.8674521839178366 -4.0109085078719815 7.385799770556654 4.899758178520579 6.2142743224153225 -3.2107320531118777 -8.416261004261889 -6.1467843664513495 1.2146593243702042 2.9436669903417068 -5.264783658131222 -5.377525530562499 -9.276450929880912 3.3284104531187553 -8.801187330726723 5.8060602827820285 2.5000117566593816 -2.356688928106929 0.25342027523709065 2.4955047003045383 -7.5361228371311935 2.077822720780804 7.1462805999480565 -6.4608139411373795 9.546874295956226 -0.1649226753997901 4.390674015851019 6.7349690988181266 8.334303548246915 2.2287418358397093 1.4678993476819646 -8.333036969299064 6.219047695532945 -9.273618475294851 -5.945233931007252 1.9709552967673893 4.957566063506189 3.272429184551302 3.5161373692135767 8.040008210024688 3.615902967349607 2.6216115198973777 4.911362580438565 -9.688173836382802 5.4106817896661035 0.9103364656054214 2.6999555696507094 0.7043858822957971 -6.464573306544379 7.907818473449664 -6.265421964927739 2.64589917181723 7.283932345054589 3.230230337274891 -0.07055033738721406 1.805736491678167 -6.17502695272234 -6.935668517908722 0.980443985495647 -3.517221824614518 -4.090996362408976 -4.590822502866216 -0.3308513970623328 1.724483814330351 8.665207341854934 -8.258249224550113 -5.954256621518006 -7.726875993732609 8.146504973164262 -9.708875144010996 1.913852029537626 -0.17625392133255424
4.347554454375471 4.635380353459066 -5.6335865328300105 2.8428261357717566 8.579153527652132 -1.6192645252389903 -7.236706425213606 3.4189976014506507 3.580841565283741 -9.9514164064387 -0.9620260684743576 2.8305076994782974 2.2024871763701026 -1.6208994117266928 -7.072856152157943 9.704404485232072 9.316384705267492 1.2398544815326118 4.5500935552208865 -5.884833936463454 -1.198805197282229 5.99425061836383 -6.64284942407283 -6.36841812950399 3.5250937473167676 -0.3475909829942503 7.396172675511177 4.14386328032146 4.578017147135229 9.12286386613454 4.145367145677739 -6.18859895953088 -9.794115238434038 -0.4513951418094386 1.6872899456602952 -6.316065403316489 -6.456546843666738 -8.354122416758315 -1.3863577722707854 3.332217083683313 3.533521713873198 7.486769948544492 -5.0597050905435665 5.238984481249465 -1.2558727762851607 -0.6631924722245275 -3.3341909170962403 0.7723317820572562 8.498267340908557 -1.0002169107277625 5.443455531541597 7.751676923753477 0.4808225393564447 9.590541308292877 8.839654691327045 5.097551299305964 5.103844752033213 4.7821576677515765 -4.160836248747235 1.6975678322624965 -3.6250137473926136 6.382441593455059 -1.295179601413341 8.197901229851848 6.138713210570899 -7.062949559226885 0.12822866451327686 1.837716609712341 -7.414580624168268 -0.0013079264863313789 7.913377743466756 1.5285127327622439 -3.0712838653487773 1.970878963676903 -6.792398162514798 -5.3789161397379175 4.112223058750814 5.79560357274058 3.305799149448392 -4.240505709673719
7.825759575845677 -2.427413651909891 -2.2271933783025943 -1.7191085747904444 -8.31933748883265 1.6523277712672901 7.1892327436387005 -8.995131157719491 6.43736142090662 5.34963013705651 1.3408040239636998 -6.396592733740385 2.3770731160843583 -2.9953013158193764 9.550766921785348 -5.525984374439883 -0.6403510909254395 2.871119513664051 -7.428485794057876 7.453773117208664 6.610354408610066 -4.12727013538716 -8.98887881279753 -5.6340789603049934 6.956891542431601 -5.757987158073387 -8.806212713634636 -6.949448677284957 -0.26304791125528526 7.710590591650323 6.651884430009158 -6.661572885996403 3.7489299797984654 -5.275531187248257 4.771902296974531 -3.14654634059911 -7.960814085818568 -4.476998382858928 7.00402589750206 -9.16988748966535 2.4821740380229285 7.6574732680234 3.2963631826988693 -0.5967532429230871 8.38235020275679 9.212496113201748 -6.209106496193502 0.15530129075021604 3.5460581969974525 -0.8246862153444057 6.42566873269203 2.8183938048770862 0.8334539374912131 3.510535980989533 -4.669287382370437 -5.77495237807679 -5.313726552421885 -8.15750874741947 -8.550665514863356 -0.5980994878516155 -0.01354435676294008 7.789395456215205 8.281775172348837 -1.1134210059737737 2.9382532167408804 -8.982209233903067 -5.512939976779368 4.721917618427391 5.492821640929737 8.114114160866158 -9.312214872933428 7.4186527411634495 -4.89950214494804 -4.931688344295912 9.981866822270696 -4.679900415840105 0.04681547141414555 0.7833603002400857 6.917246388593528
-0.4479371831691692 9.486068909415863 -8.732456541451787 7.964577097481282 -7.275596535940392 9.587500340504402 4.904992220861544 -5.233856803602295 1.4535986949974777 6.7653473167236955 1.8168976142867743 2.3800625192269553 3.8037370856169606 -9.14445447019997 -4.498021214751615 -8.406841920466379 -2.139675249941273 1.6847143997123037 -3.137147367183828 9.496253001681715 -7.727617595724519 -5.28863905474174 1.5958513644116423 -8.63297593463008 0.7523730444804011 4.109395648214182 2.6969743347098207 3.453669675905262 4.061192103517497 -8.594925379162625 -8.98225119542097 -9.281795464673303 -6.658834771144924 3.5593293230639156 4.4138499753093186 -9.240644421943003 -2.1492609034217303 6.030747333548055 -5.588191732650083 -8.567769678609906 -3.7414598796373233 5.250747859713012 2.3615148260666174 -3.2110692340244373 -9.471239925758878 -4.01951202029311 -9.555677791791911 1.26312990217067 -1.189031818059969 -0.22012644422013894 -0.868317699390202 -8.699525225454153 -3.5098336661592877 -9.620175563501899 -3.7591598182500063 -0.5932057598457341 0.9101348133635856 4.755473261297647 1.0492863018459753 -6.651809014590439 -4.975456068312236 -8.85516751715435 7.795729178997077 1.0720989621500276 6.998215460571258 -8.53644024737398 -0.3388716543932624 8.17207777181652 -7.6437077084580345 -7.1846763641123434 3.6723732867686287 2.4182234513363388 -0.2371662529097418 6.316056993772101 -0.10129137022572676 -6.260645776523647 7.238192313243353 8.907142745711578
-3.203777292636074 0.5965208473810524 -8.183204565024564 1.6668537628648905 4.490016387143383 -0.15613508354300532 6.360587733911174 8.888141291971142 6.478802955695208 1.9670157032123736 2.229674083393922 -0.2731807078384385 -4.221532046553429 2.501541768569495 -9.452806272607614 8.311718056982018 4.508711270148522 -1.6950715441334596 4.372651682313302 0.7667042852733341 -8.326268733998985 -9.121134216346753 0.9035047478636282 -9.451660600355968 -6.323017458324385 -7.563590660891633 -1.5392497474093436 0.5785410132439472 2.329802112530821 6.821709522349455 -5.8284279434140895 1.7073575645169847 -7.878140978400632 -7.103312150939287 3.2724891456182914 -4.606626771797158 7.843265447310516 -9.89856829785355 -4.713248457560574 -0.6771193907051787 7.800448876638006 4.941271213283962 -8.414119790307295 -1.9970693475411627 -3.142851642156408 2.137170752566111 -6.5407687647611805 6.1717937953771 -7.570845772043427 -6.1389349809735005 5.390417687780211 9.373304658011431 -6.839676734218605 -0.5245482493966991 4.314909021456337 0.43123025877984666 -3.839285471897753 4.937578385140766 -5.869738931289525 1.462473704523608 -3.2325678959645 -5.9945093596096255 7.690091077299181 3.587078609808547 -7.8901782218744065 7.120227901554208 4.151275677299566 -8.583022742765795 3.639870985584983 -1.3424279258728689 9.808379495152755 4.392023793894033 3.5472086596262 6.954427711401818 8.038477914808533 9.615388194195733 6.604445389699811
2.049647614791188 -8.000895763121203 -8.332338022508932 -0.5810468510831623 9.11312448247198 -6.386735617525677 -5.5058659072171405 -3.560857241738158 5.747638463953457 -8.217884940134532 0.03436148003442163 8.181582145236527 -0.5356724322521966 -7.045166727154461 -3.1783395772553624 2.3951183398005527 -8.093484356209391 0.9985339780546365 4.814176089053626 3.0901316294992998 -1.0613845249185805 -2.0828076281713637 -7.5307632563588145 2.9698340921871558 3.7800009870611695 1.0132337371750633 4.703376081903827 9.14838911929743 -8.940794348307543 0.9435352575444522 4.140787837528732 3.978537292849045 -2.8880098990533343 3.3755455969693493 2.8096364861472467 6.5878639455716215 7.6720186439826055 5.03788566313395 7.960448537118929 -0.3201224759231014 -9.129313215288711 3.3124838001364787 9.940169973040424 -9.323836550061134 -9.815243453997072 -8.697779589067498 -0.778246002490528 6.6093616430942355 2.931547069069458 1.076336613364115 7.202056048724028 2.356007325710443 0.047069663352266033 5.649278668376589 9.30423310669962 6.24242576260527 -9.970457017713898 -3.4545794225321225 -6.16376645634616 6.490283896295366 -1.6881313333747427 -2.502946804629751 -7.990060197576856 6.173521102707403 -6.454482115488911 0.9855993903071858 -0.2582787814051679 6.6964098984652365 -5.5247461604338355 -1.1978450065334378 -5.045527710381514 -2.886850087156767 -1.1751904796920387 -0.8476936847426875 -3.546984220798195 -7.734379307334358
-9.856531773099075 3.558427223051124 6.5818583752825255 -9.739614703921129 4.908998824701676 -4.345912195875847 -7.9135267145817 4.634986789564326 7.224888708941506 4.63743981751578 2.917382573010281 -9.139773476649452 -0.44316517238143005 -3.6280840217446397 -6.245022738576296 2.8070515370915916 9.262451477044591 4.030880228511244 1.7922289923196888 -2.7785394017019183 -4.015003649847985 -9.28261656668213 7.285218064969303 -7.146461729024509 -3.575801923568971 9.607271504399025 -9.963607184341413 -9.901940230738443 4.246613201446003 8.044701164208108 -0.9937190886237457 5.360502571487988 4.406777203788019 4.458082992534658 -0.5858810163131833 4.430935751624785 -2.5385985254233945 1.9992589747355383 6.765389713831482 -4.394785718897851 -6.267412819802374 -9.216796631184616 4.358867219273364 -7.788756779116726 9.473880472480278 0.5364019116487051 -6.305956337045185 -0.9704422228081833 -3.103396318672904 3.516064963731722 -4.44541234051324 -8.605264741107948 6.708394890113989 -0.5387564724276506 6.310084525977146 -0.5134274876962897 -6.798475811241809 4.041779213349455 0.1619354248932403 -6.900891852847093 -6.084280457721172 -7.870313508564946 -5.629397085151567 -1.0992330248315607 7.058578448512782 1.6714553292599055 -9.306113535326341 4.613760168928936 3.9213837376343053 -2.78551201288896 -1.5159363525815261 7.194171959749919 -0.23419615947655847 -8.317424247133452 -7.900565289401791
0.448538973974153 5.767397548329402 -3.3346163236322623 -9.919180992332704 4.021863845041915 -6.4000801147605735 9.084061705407745 6.274834485574123 -7.777935328043075 -0.9866952142087904 5.500233718337226 -7.397720853847634 -5.712285554329936 8.185078334152713 5.582520560553876 6.817947417373307 -4.659974561948945 7.240114530742372 0.6308366080949224 -2.795529927693834 8.590014302900775 0.18390611244117006 -7.8040925765455675 5.6363180404381 8.324161770709244 8.98643504314178 7.054031424780771 1.355360815914366 4.026877906242532 8.347828309455814 9.148931749957146 4.148160987277725 -6.534998319979925 1.6096315283075358 -8.429751531444028 1.7004413623248271 -7.2225229762985865 4.022746241980375 0.9228452339780624 0.04159464956611236 5.748785736552396 -9.207597190901007 0.24213033953389473 -4.153147878752257 -3.5400574881147184 -7.27827824109543 3.2194435672490673 -5.253043362681035 -0.994598562826321 -0.256719085043835 8.96790294972539 -4.547716776064117 -6.528411986048215 4.851025214947429 -7.041910701920784 3.739849997378659 -9.893079152256787 5.0988951624482715 0.8627249297209794 -6.679544947510811 -1.757919247020141 -5.773980941649919 -7.398983130902181 4.724452939590693 -8.069347440789933 -6.865633585631981 -0.6246046722278509 7.40040274511604 5.034524213512219 -8.498454144126528 -0.3450126810158194 -3.6227708462714747 -7.50789353629316 9.684614479399636
-6.752632658377182 -8.238012760605002 -7.36543008539754 -0.23520894825455718 -2.143207354089953 7.7065302928146595 -3.2300553443396995 0.2951444910306966 0.4900445229948347 -2.14004341972458 -3.7327851980055304 8.687460429541405 1.826380148723954 4.90123956386493 -8.354454801908858 -0.11007737871560952 -6.078018345697127 9.69772844125631 -9.78875695541544 5.632148374650181 -1.4794330219670115 1.774992772803483 8.767533595276964 4.625961212478929 1.5535413968537215 8.566657108776415 -3.1540927819273867 -2.3335985681038562 4.002840314775337 5.490836394540342 -5.211710560698631 -9.830108802153099 5.985311467067335 4.599212794127288 -0.6766728884801898 -6.915885938357906 -2.060275249567458 7.8443578184320835 1.6059110546311728 -0.6386409412988447 -0.3681816796102777 9.457290964518169 1.2975139666105107 8.58577038707676 2.659393109999504 -1.3658392671142616 1.2102894888989568 2.03772619457252 1.9273625010700624 -3.357861054900111 3.5399565688528156 9.007616952744577 5.578416196937392 1.090369649269618 7.143954301247248 -7.723380177195331 9.746906221399945 0.5438575005239032 2.7339044213105335 -1.4100551791463745 4.614585564100371 0.9276198554249127 5.924203616521357 7.2893324126024694 5.471949230017728 0.49265325387706227 -7.991764028538979 -4.192583576807958 -2.8005965482708683 0.1277529226850227 -6.36623260501513 -3.0106079531427987 6.92734722661349
0.005654429565182806 5.766729290248607 6.948550836384966 9.666095367820638 9.024617554799846 9.871038666985648 -0.3503056925154202 -9.95762126947219 7.210363478187771 7.281649797157678 2.1433010570726707 -6.6172124094384515 -5.144490075221057 3.774783706315523 7.104094808158998 8.260719735258167 4.949363378391281 -4.295373810119676 0.07644771168836995 -7.321476999813448 -9.51147305764864 -7.692736044345361 -6.108453134698317 -4.39659594536467 9.429553490266736 1.7158340301162411 -8.161193042798606 -6.811076248599209 -7.400177212681369 -8.503197517556774 -8.18698955967255 5.956989771446414 9.721991401026784 7.459558339292933 -6.740531737730167 7.811428988620648 -4.556204078327648 -7.01355909289489 6.113513731725986 -5.278098578516193 -3.6856672973282545 9.027106639643403 7.574655979070577 -3.4705273564335393 9.393886553747581 -8.91142757811819 5.7225577780975545 0.41821702370957725 -3.833522878092457 -2.155184403716257 -3.3744606780546205 -1.1611099565195393 -3.331932407854119 6.319397093199259 -5.5544700073957 -6.318846004916754 9.288054905355349 6.039854068195458 -4.547308871770028 -0.717239169613062 4.900412244132308 8.58036348612484 5.631070889117764 7.597359901721776 4.4743487889580535 -7.3140280004826845 0.04846421806802281 -4.775770211978889 2.4543731229673194 7.853082650124675 -3.997790818458238 -0.048443813754195375
6.479711973704929 2.6191543419275765 -0.6374168212182152 0.9917248933139389 -8.53958156762451 -1.074600005659474 5.9468522183841355 4.022269114723751 -7.88547696875426 -7.328078843121155 -8.862585153822044 7.154289839182216 2.2400861857879573 -7.356559234271627 5.742543215607093 -5.070953431980188 0.8186161965590366 3.87931610475003 -3.8715724380595695 5.428492843170738 9.96535738646632 8.719096147973733 -7.302898977947782 3.6302261005146264 -7.7914801506050395 -5.647528307825533 9.928208487713983 5.57055912766466 -4.715475329243553 -8.615076301551792 -9.040992543743558 -3.381734685204152 5.73271431934894 -1.35358827336852 9.723025247267143 1.2394296651690806 3.7882574412080317 -2.6530319202498687 5.503570516740421 -1.9636879404856566 6.674503183310875 2.6237322131908614 2.9795296764479073 -0.46006084133871195 -5.048002820213473 7.5772888562876 3.0762228685202486 8.8722524587838 0.8705968473930503 8.389749456750831 6.680876923635653 -2.2461869537633206 -4.98193545322944 -1.5560496907544263 1.692882100994848 -5.366711111745735 2.085843894584485 4.741452712727443 5.393628636863483 9.014751254050527 -2.7085171106617167 -8.506520567893626 5.914948719304807 5.595540656900302 9.518596625491835 0.7944381751499674 -7.140357366622583 -0.539056003140479 8.320515416750512 2.4946797939353482 5.445989082088638
-0.4535812745864476 8.733185366778596 -6.991949833778057 -0.7190798717428759 -5.516614010444425 4.31469307077492 -6.835077810707992 9.24789558583947 -4.375823763132189 3.7003404936521456 6.275829104017929 7.052196600788793 1.026696973223138 -2.9542774497459745 -3.970707006821055 8.019016185753749 5.41127667995551 4.032191851795561 5.893716939811739 -4.998271652541828 4.883637962404224 -3.961477130427893 -6.81363945028318 1.5180562912999251 -1.5922315221045924 6.334697172345285 3.8088036571462425 2.007435311254393 3.407354724783791 -3.2226690996021756 -9.395289329361285 7.684896453743583 3.572636512464644 8.97630677495754 -4.83481743487639 9.96939179001002 1.3650714362896421 6.487883947512185 1.4081047776493127 -8.869716356827453 1.1596786890567556 -8.942356908003713 -4.401017103683522 -5.308480656044809 -3.3760480451637798 -7.490252744470835 9.27891695010403 -7.2066726271976655 3.931422308202417 -4.765055524577226 -6.666011186809211 3.155886373833019 -9.096411457811907 -7.0882317395319046 5.345455784608506 -9.953076120363267 0.9208923942555569 8.720487680880009 -9.831965476265587 -1.3226357102613884 -0.17229170949261574 -8.40680163468628 2.1050938404625685 8.756945495012364 -2.176931724434714 -4.622541086820053 3.0136817662127835 -0.5362729897317875 -2.5096870568076546 -9.945879708398316
-1.2919883076358052 5.7907567373699 2.6009818537840346 2.8732362225894725 -7.771514602903549 8.741994038585297 -4.208796997883746 0.24972480448878231 4.133624235883002 4.021303813964927 -9.381634953336551 1.805564358821239 2.2992687492117336 5.173352914392408 8.739830358316386 -3.018412741427474 -9.946019875313993 -9.28161766187386 -1.0696580275106693 -6.27889403957552 -0.5345584534263637 -6.988299468498971 5.328009629308559 1.8620906386013703 -1.654944507390712 -4.9316556058147665 1.644742245228552 -9.213446501963299 -1.5525024689414768 -7.122990966521574 4.772524272179243 -3.691349908112107 -3.781669095156426 8.139725170296428 6.196149965112521 -1.0679611801548394 4.085094405855417 -5.996718589333834 5.9741751371242735 -1.0637136467164998 3.382673708982391 1.4849252584772965 -2.8497411058286115 -2.41971558519283 2.1511096979099387 -1.6321081659412484 2.247915426322311 -0.5392516167229533 9.216649994771501 3.3424906745761085 8.694432631840222 -5.887781193619455 6.486179556385774 8.58604765015508 -5.752098288584245 1.0792776283525196 5.2896315399050415 0.9401141956173098 -3.7811542438897683 2.9610701540466167 -7.738602649624058 -5.430580444444246 -2.3636817334768545 4.173606387315189 -0.08260247570762713 7.654180598681489 -7.425604766497855 -3.661829207208167 8.641698696015183
-1.268393361184108 7.235567437991788 -4.644782445456537 -4.451681210959453 -2.7796422469450244 -4.935725145595877 4.678526616941239 -2.642927304644669 2.074864578294946 0.1484178532603142 -3.7488435138951925 -6.511411531629127 -0.41058738775181514 -6.879135002509502 6.469448258639301 -9.718729629399371 7.168546776201978 9.192116666095878 9.863696346475002 8.612963060197556 4.992885217075623 -9.324572991956687 4.983889013483667 8.775939742805841 6.100913016547844 -3.1088787261214956 -1.6285002250956992 6.07060151412804 -8.685179002778007 -7.339784147195891 5.181572359843203 -2.7610946053143026 -8.557045079413122 -5.897824266788351 -7.9652834894387965 -3.711700548134347 1.2645775137689963 6.108414317017441 2.7601372463650464 6.969343291736738 -1.4432021554464591 -5.283791041661921 3.1239366268162394 2.3305680966361786 -2.2359925391116886 1.554499035229009 6.206173001353175 4.311052241759041 8.173191463436794 4.683049376951183 3.857299550858775 2.8644611185254187 -7.409046941311585 8.604933253178135 -9.536810608579732 7.205863243105242 -0.49975609663490905 5.806519299539472 -5.612863723522619 -9.390443986478804 -3.799334836214907 -8.679307980624934 3.8115505871509825 9.534192009621487 1.8288019890815699 -5.104859471886538 -4.6539191549564745 3.08309229902477
-3.6921951856650903 -2.086205943486019 0.7461597070985837 9.741593724693995 1.075935117744844 2.828231763224025 -4.824518846991417 -4.350552880412899 -8.311680838355517 -4.176690880516252 -8.83313542464705 -0.8734758868766934 3.757758608897641 -2.276756216418818 2.9909319381966415 7.6430044181525965 -7.454143072099438 -6.7580744807278625 1.841943382494522 3.2352446731414397 -8.959739740554017 -5.196163012483734 2.6504617556969334 9.749100968776974 -8.323362516264305 -4.630586673040378 9.255723886848699 3.5278546464734517 1.8349782863672948 1.0297457051200842 -5.595234608228871 2.781998754413726 -9.669503799550137 -3.0695874749110708 -7.652582636512022 -1.607416996423452 -5.886881893480139 -9.564861055589864 1.032885667455079 4.935350541935093 -3.092129853107315 -4.626924679783524 9.236483507845827 3.712965094534988 -7.103821122046041 -1.0546685858320815 -2.7737945227324134 8.518801836238188 0.9032409245944506 -2.9053771247277305 2.141808508844052 2.857829931259115 -8.97958100370091 -4.394080898857505 -0.7821299970915829 3.617637450003919 -2.5067144839821687 -3.515172162237017 -1.9858459677663265 6.31115275137015 -3.2741342536942986 -3.266800026733836 -2.251644088879934 1.1991834527485423 2.342432177457281 4.9412602899078895 -0.026821522577236134
4.798516414799776 -1.338180772345272 2.3118793273214933 4.601656268211438 -2.6042435214422555 0.8388142825749223 -1.7974583934142951 6.947017508952125 3.154537690586321 3.5597525857025825 3.9861307504326082 -9.182487747294651 -9.534535183697875 -1.4173767803364234 9.690734835492274 2.001189066734841 -2.3587954370019215 -9.786395876968443 -2.163989214172646 -9.88974925280912 0.48382741091345993 6.4606405306340475 -0.8538820975617534 -4.84131654046694 -7.179955219806535 -7.669286898571559 -7.415086914348612 0.27954286891378466 8.68111575638128 0.8836697227931523 -0.6508383195066214 4.0329851037554665 3.1209245594566815 -5.657483495683026 -2.347999158023757 -3.715798220078912 -2.8213773632387684 -7.189818892041993 3.227638884726922 -2.530121535581238 -8.004282841875053 2.3831306636864835 2.1685909837807493 -4.506977779523414 -7.663751250047466 -5.122509056913547 -2.979311030486722 0.2396278450415612 1.539304783626061 -0.6599870272709074 9.627300746633559 8.106660425064591 9.481408328687898 4.5567513497369045 3.071484660164181 4.329724436950775 3.4803442074782986 -6.885309955098511 -6.425090333505654 5.032694447182074 3.2458350061716 1.4960270583143753 2.4409389976814277 -1.0207286638676183 -9.678284949876396 4.918043562653862
8.198990161801262 -5.849785800865821 7.073562663308623 -5.239624820635671 7.1235903956185 1.602977816829818 -8.261661673161644 -7.86834723132559 -3.0481750486182158 4.462166333777898 -7.119699752715847 3.960617309629313 -7.387818502154316 2.1945720728917317 -9.455760065958332 -5.522000891800203 1.0231064001863999 9.86669206144943 4.865365141595587 -7.221188068124265 -3.315848483752928 4.140369255439862 -1.2798071879412065 3.6492633530441765 -7.014444013482299 -5.349970182117336 -7.83760385303621 1.4846269053404693 -0.9131934432957944 2.9162931437228146 -2.7481516300056086 -1.2666661465760787 8.353820029085856 -0.43652017190567216 7.772446591758808 3.133395219267807 1.3316346255230727 -4.795601233828974 3.5271475582227474 7.371448575423527 0.18554116373611595 9.20295356081046 6.494533746812714 -0.26898672388071754 -5.822098603337613 -4.3793512738367735 8.231215437002815 -4.947052695856344 7.498716920774992 -9.406263614525972 5.48155428591574 2.667343780771836 0.002982102643500628 0.7455010844712051 -3.900493945170911 9.255314905668337 8.27642659793881 7.404274443267969 9.644175919613772 -9.360403367088487 -9.145620975451038 -4.5537832893571135 4.8337655549111425 1.2767940674706257 -6.268935164608324
0.03973773588507035 4.607005605175418 -5.418735474900165 9.640777108801132 -6.995156502377908 1.8441598898761424 -7.743867363414594 -7.557629938849004 5.81684101922233 -6.867598942621942 -0.8452808112172328 8.669415066181914 7.409625410478846 5.154181283521613 9.81736963804564 -2.297181689911354 -0.11204606795496286 -4.226381842117188 1.5714671893885934 -5.167951949326122 0.09766789978056023 -4.94656803432142 -9.922437079460437 -2.7080190044224883 9.557719550723807 1.3157893887271799 0.9775502960319504 -6.046648252058933 7.080541071019972 -4.753210088701632 -8.75820835332323 9.504119748717299 6.327771261349087 -5.152415734030933 0.8129679752018304 -2.9034460753613134 1.5687844303267329 -4.151606490881868 2.1767456284737685 -3.346603166247768 8.559401616095354 7.853845517966778 -0.07097760505206274 0.017929309290452 -7.5384189792005145 9.702791715826162 2.516055663201857 -4.053796880566736 -6.461271219225006 -3.9460192239387926 -8.473270594036673 -8.218898582044256 1.4559156525267758 -5.121429122577849 3.2032850131888724 -0.8417884089319116 -8.244412979275602 -1.3270822022924267 1.0826010730371305 9.058824445404579 1.0155629952107192 -0.5195310652989349 5.920772348057559 5.202796197455342
-8.606933353996562 7.552415132526196 1.278127234868105 -7.487571605384298 -7.43194976158909 7.583668445876796 9.260116272706805 -4.8835491624526695 7.285052553952518 7.295985818962983 2.480417140213904 -7.420973422640258 -8.89616733074659 1.587182274245389 -1.6648038592992576 -8.172678110971589 -0.25576385763123266 -4.170456824273268 -0.041703755198605474 -7.877289687025051 8.165574457088855 -4.2576200429658595 1.6573001295421097 6.751666169151345 3.5273504734689576 9.25630267937596 -6.8534335148832 -4.020842317367368 -9.794099653722055 7.921853195089481 -7.5192055076254904 -9.54455567860312 0.8799235077015655 8.293460496883132 -0.1970792766172269 -8.433546037128085 -8.497809278186255 8.170755968337813 0.9893525974965689 -6.025135415895784 -9.45500031837581 -6.426543240128833 1.022104574696976 5.351372332755096 -8.401276450847295 2.870732378951515 -1.3416525185231865 7.312010981422921 5.534027147887817 -5.1449329700962725 -4.574223289175386 -5.423051861774619 -2.3530506884101476 8.118905263160343 0.2006395453790244 -0.4378963777834177 0.253317485504152 5.7086421318561875 -8.024382477346602 -1.443109707817447 5.377244071412639 6.558818721410415 -6.232494263903949
-0.35092949780360483 4.740869388709157 -8.514683179695597 5.953488194538005 2.340136484001587 6.964301422048238 1.8058259422339895 -7.256893325427065 -1.8622811800157102 -7.359129585393454 -3.1681655497287275 -6.611481309641498 0.960105572425094 -4.498699880808004 -1.295109311454472 8.48607385625727 9.672518423854742 -1.387966470393307 8.560701996616945 3.5964055363592062 -6.702611895141972 2.1987070281885535 -7.898639171402511 8.093896035122583 9.181645350175502 -3.7703115169581047 2.702011658411776 9.647207052732936 -0.2266291116796082 3.134519798189055 5.926336951785305 9.755840684360074 -6.340785098144812 -9.656097978208656 0.48337546996240155 -5.318575879728591 -2.583174308777725 -6.554286383884984 6.669572497931702 -6.058516961024008 -5.152202682922924 4.159453451668194 0.36556543743631265 8.807524666805083 7.466310201848028 -7.4007629143331055 1.1110848705053722 -8.163020869521734 1.930232426289198 -4.071645774006791 4.946819474656681 4.890132395990205 7.3576361468539435 2.0400125104840816 3.3073272724226466 -4.813100272390964 -7.163233526401713 -4.326710660953275 6.2290583925775 -0.7398738990067888 -4.379149548131334 -4.588350620427644
-8.305316432433374 8.576917848397477 8.413434715258392 -9.335092844789672 7.816025011498926 2.7547836809244663 1.9264279375592697 -8.877989930040084 -8.802094592504615 8.815122062059075 -5.971369442239281 1.498211017973492 2.8619535511997363 8.593272750250044 -9.082290371139107 -2.7416155355287297 8.905810547239419 -8.16145185036544 3.4123801817113852 -5.4883503683494705 -5.1387317404144905 -9.423606041490856 6.389849296854453 9.733170457003034 1.736638201293259 7.7332137589393835 4.985784162804245 3.572094191477091 -9.24724454215728 6.843263776488245 -0.5472284504554348 2.6261835778047438 -9.589157550575136 2.57957613641171 2.3690947590314138 2.2874879676799065 -7.559202051419089 -5.841169399690608 -4.189205030496737 4.578034699256362 -1.792353737722907 1.3347597635314923 7.974622959894608 -2.800543435225473 -2.2805502014803203 -2.0314693876204815 6.145375172770935 9.053830543731198 0.7030451491845247 -4.3982201298673385 1.3697925226597052 -5.449290426305755 -4.94372690050342 -0.30367639819985026 -6.467521494146766 6.820116087177938 5.175569346203832 8.49894092051275 -0.004475556764991229 -7.088401821288695 -8.618665838957188
-9.23562307126992 -5.135200631654968 -5.409570980764553 -5.893570535871171 3.6347775456641096 0.3704314592593727 -8.48383010316299 -3.035825720888261 3.626196466038112 -3.5200895305902002 -5.301308508870639 -5.741081700663981 -2.591345382732493 -6.9292844673178795 -8.595704126513667 6.374908081466851 5.055998301004072 -9.526312759627212 3.2816409532634516 6.058428084470274 0.25197918269486586 -8.7630299814573 -6.672121974639069 -1.6586225325658366 4.763213063874348 8.20068409243687 8.908368087404764 8.420350144463754 -0.8209845763418366 6.923607776031093 3.562399300135881 -7.7368611251329344 -7.2330315851676374 -3.2749153067440817 -4.478862658400948 7.879346061757577 -8.007020238866161 -8.842164682953115 -6.832102455996047 -2.8673276821897753 3.801267463569331 -0.020577795922083197 8.16181066924451 -5.430912346021872 2.882603370443404 4.108991438081451 1.32191438214609 -4.795562599784084 -9.934368969597951 3.5523861158034187 9.493680755314145 -9.280777366341797 7.2490587831440205 -8.305266830041571 6.164425344314743 -8.278078725995403 4.710772590148775 -2.7897731865780484 4.276739721413914 -9.041828140149539
-1.54255938720808 0.6449199091669033 0.22850835368422695 9.926078864354619 -5.110870566036143 -1.7282528217805049 -7.350666371841514 1.3679736306854706 2.728073516254008 5.40103174476468 9.793933272834023 -7.321391593909299 7.306500569880495 -3.6886225491683056 -2.7357660205891787 4.293511963658004 0.9545309503690569 8.642073142136228 -7.306870055482442 -8.138052049832341 -6.2107279029322315 -1.339383161638028 9.892071537633395 -0.7153432380355662 -7.1588969409658265 -3.7454946973873127 -6.079283625571927 -2.5848142542567376 6.600042506900728 -8.847904211193846 -5.8821237383256975 9.212162812926536 3.4188625187928956 9.55584706362649 -5.024209020597952 9.372884606643668 1.231846667267087 -1.6130577790385514 0.2539845283646902 -2.7584451770800866 8.189681932498578 9.450270606434598 6.120903873145083 5.750861442139397 -1.0437907881960862 6.804374650674195 -0.5747771586104755 -8.333233969777458 2.8823983769450234 -8.121998523195511 -2.9260858230500286 9.0226960115558 -9.185764056944251 9.805312901526335 -5.802572481541654 6.46964749873079 0.6350985209034588 9.528350557016282 -4.8522493329465854
-7.798017590438249 4.65405532311713 -6.9209471686728 -8.417825876217949 -8.672197510287997 4.785814388248446 6.787244605228184 -5.111049028811663 5.099609280554591 9.355770309806022 6.31814115350652 3.0508574424972945 -7.154455520251677 -5.3225542690422145 2.336658107741467 9.722660691080227 2.561774229821705 -5.724372103503155 -2.3925775359573453 -0.9649600683200554 7.198710899590832 -6.079807834549975 7.098694852893363 -3.9525084142721534 -1.3757261482343086 5.556397205323041 1.44544710014892 9.803355536853033 7.552815842426193 8.036282355571405 5.61337340085146 8.443795152021869 -6.078573421485376 -2.2253524158360816 -2.848724072637552 -8.074618379252897 0.03473578060090299 3.8313352058246153 4.6981951053922195 9.765674805586617 -4.747871742323637 -1.8971506376600322 0.04993965374330056 -3.376745557224343 -0.3478021784715346 3.9602652945153993 -4.266279408309661 8.083126313408627 7.613306520936445 8.41737354418779 8.173098061337338 9.613017226415078 4.469717873759467 0.8763163988913614 -7.372556747787127 -3.281660498507424 0.9701256100963973 7.466993599521087
4.540436540288173 -8.234958601995528 -4.200696503983639 -1.7846437794347358 7.288118683715473 -0.8912869330856488 -9.477892684808074 3.2564634026294703 2.3412376099414955 6.737592944881676 3.55743639860284 3.8444330116991 5.737097418031509 -1.7400924831144016 -2.3994908405624993 -9.876857440673634 -0.6332308146064669 1.5468159182981611 -9.504897241886596 -2.847866321864563 -3.3569927141450973 1.304768313971223 3.3271068515881175 4.349767751678941 -9.181669094386374 9.292823235655188 2.220506005461176 -3.2366178230314957 -1.9164779562269452 -4.459369449803738 -3.58866351466528 -4.428429214449105 -7.985715832823588 -4.610915177945952 -0.39279885344925436 9.253392305043786 7.020561248931408 5.38024010155122 5.185220962947281 4.017282344572674 0.3897570304017717 7.427664425878717 3.69187614789819 1.6695543534976198 0.53171672556515 -9.617250548054333 1.0840565099089239 -4.420860099850044 6.418417898567532 6.085524046925139 0.3665725885801119 -1.5126891501636464 1.270527124583174 5.852152573038247 -7.207520446458304 -7.3768662845687665 3.2739802446325883
-2.239232399683715 3.6459502186544324 7.209387082433521 5.480246756450125 -0.07316328194248989 0.8481233999250004 2.1034565533000893 0.5972272888961316 2.339691192183526 9.21315983178838 -0.10723430770186226 -3.7642502289823465 4.031374632274856 1.297031950264833 -7.714072975290094 7.784124895734676 -5.559947270308991 4.372676516443281 0.9184131539538098 1.575949163805166 -7.585549486635248 -1.1913584129819466 -5.357419706157572 -6.063571002603405 4.622907066345821 3.4636024330501525 -8.182042439951413 7.952079228546474 -5.5268455937688525 9.325324668198894 3.1870894564186503 -0.8602468420675446 -0.42132610032802775 -2.608382205156934 -3.3932321832876933 -6.246283282827276 9.426657352797793 -9.172692396827859 3.3190319182886197 -5.667708792585959 -6.534187833453496 -4.871851745709317 -3.96087385414448 -9.138917143570197 1.387076218573795 4.151650547548824 -5.7420946415406 8.91160613530137 -7.719544369859848 5.027037289910929 8.1579815160292 8.205834586730322 -3.243052265628128 -0.11140589705159964 9.02284134126263 5.741665406980907
3.7027457380268625 -9.513112327238645 -8.119236475486296 -6.6385881717556146 -8.99236338859416 9.991297708104582 3.303871504479483 -6.327510826110285 -1.793896308867513 -4.409709999865161 -3.836506908444648 -4.550416646220623 -2.54006335399497 -2.079175140305929 -8.910634496442531 9.82320547166603 -5.0770720668662195 -7.089952340624485 -9.562295383100663 4.554606892044273 -8.167919350916016 8.142992964872771 1.0800300721799516 5.711341288486973 6.52859412073674 -0.11472694031909203 3.087898952372501 3.9696151092630183 4.943288315266809 -3.3456222207268627 2.2690342682177023 -1.2176795986915057 -8.944508805642403 -3.058009486425075 6.466544254220286 5.230943148225055 3.9926592162175933 9.13661678781795 -8.345047576135036 -9.41733756529433 -0.4478080065454315 -0.3772669763897496 4.829736224892529 4.282203918561686 -8.605409879737174 6.7908176827353035 8.720181833382949 6.6747985205578875 8.757617961474484 -5.432029050301333 -0.5317335101977649 2.372714480521303 -5.912024969417953 3.601952483769215 8.476497507365789
-2.1864827786467256 -5.925584405663368 5.390887601270029 2.0405289191459652 8.44155757352283 8.605735277321758 3.689208293347801 -7.749154314019744 2.5326660165666715 5.725691305123708 -4.821299668806547 -1.0069139426567375 -0.30288545419678625 -3.523363390467067 -2.1304225872269256 8.627758061036026 -5.479975352909836 -8.637861636011213 -5.148059994655505 6.888865217422111 -7.766028367296234 1.6840766773991733 1.0443780375229061 -4.367421439627492 -4.3866298430613355 -3.860979612064639 -6.878008057640674 1.7958371551986163 -5.99265942069527 7.988235533143728 1.2818680749186528 -8.346590289114378 7.267201945735 3.0350463709846354 -9.347517965835532 -2.054572648230295 -7.09185501943214 1.4288446723090331 1.028171448688473 -3.8714463153404455 -6.875472099767936 9.844072201608574 -2.3707238961295496 8.237249357396808 -4.476872299565555 -4.414088656021711 -5.152507762101875 7.885361967688169 8.921390887772775 5.485858299659389 3.8794064072354817 -4.20998706254392 -6.496910689106645 -4.309079913271717
-4.606641476298585 -8.675662499259456 -3.807730233656468 -4.934943889064092 -7.202701667456443 -2.547687332906825 -5.603253537971984 8.262223359413065 -6.028762298404599 -7.061326882130327 -0.8508778420658292 9.761620669232512 7.494029141724834 3.336857614160018 3.1997413811413877 -7.17493559885299 -8.974760605438618 4.934072061957169 2.1439181940479535 -5.792839405264285 -7.098031313258155 -3.3362611402617848 -7.987341357900419 1.590688599747272 -7.761782746168429 1.2717190957200453 -5.802874847083537 3.6756220735620126 6.499470426208999 5.2232580571270715 7.451871883039775 1.0816798825665153 -5.487486606086847 1.100028811358662 -5.2868223228101785 1.348397377705306 5.309332000303872 -0.03429672549754459 7.917977222469796 -4.363825075206835 -3.5971290879617523 -0.16510374237575842 8.688750624233137 9.791307188549045 -0.387866636594012 3.8922469236900303 7.520787032121897 -9.283854122747279 7.636003912076279 5.112443072781046 -8.117329749892022 -4.216312123301343 -7.692083049531235
-0.11756025617599919 -2.744966118340577 0.542738308021995 -9.918543035414363 -9.093299728410493 -3.8985984000928986 5.151426791159164 6.977440045818774 5.2524125597969995 -8.086027267703766 -9.14538496080693 -2.854934331303405 1.8599129711744777 8.327647475874379 3.893195857205942 -3.575292966518824 8.25912341823851 6.21876073590256 -6.384032130552926 5.196269850235941 -4.722010481345449 -9.156605920153698 5.4404148824454595 4.543156903490564 -6.123787797734246 5.1982793050188425 -2.3396439667382474 -4.199034779979658 -2.6301040915963103 9.818161738252037 5.288967220020768 3.502906307142548 -4.510394317752118 0.16135386925223205 -0.9105796925461718 9.005179824725095 4.854253392876147 8.482570778088991 7.513625967797724 -9.600491163687671 -1.4690524730762822 -8.387477611580081 -6.208843948277805 -1.3363115089376665 8.941743063759493 1.550553070461811 0.4247245467758276 8.47665004060614 7.568886127607524 1.9848814992492558 -6.719688382946174 8.835748641475679
6.278450453876177 0.5376511142886353 6.9396714200524485 9.276147394503184 1.4872537435453648 -8.834095178769605 -8.58495697636396 3.416682669932365 0.01842803628578027 -3.972369332853185 6.558946390664522 7.284941234468798 4.915763773870385 -6.642708314205834 -5.128678632788248 2.750457422635628 5.5396069229028955 9.94165574465686 0.9410235432679603 -6.913571296735544 1.4667422402119512 -2.1606916899227357 2.7031733023759386 7.923438993993807 -9.09090556446505 -8.60492507781104 0.284222448404845 6.414474832668871 7.190175526997351 3.703219573091443 0.31948927036929087 1.1910916626526014 -0.6779694381300971 -2.6278033900059405 -9.94881275910908 7.474929541393336 0.8224372173405103 -9.703941332111569 -4.765646681655353 -9.759900838239355 -6.868170687502618 -4.599063752539523 -0.08164681231876747 -4.049801446499497 -8.849241908189423 5.937730620009873 -4.767170704984338 2.69377773020657 5.802423157896907 -6.984817807134296 5.672335884641814
4.328480940765829 3.027371563291128 9.623554386298443 -8.323359145680751 -3.8072142256229435 3.7991168925311247 -2.482935261196366 -4.336609896744066 -8.952846345988362 3.112998309046775 2.938036973430338 8.350002390608262 -4.630695646398761 -3.4263763167586547 -6.677526890695058 6.902200815694539 -9.136584517608952 3.9516863934455726 2.22454764827122 0.3680011447435416 5.959368434275754 4.76015012108268 6.306263380202328 -3.5283455761417692 -2.2293904920483043 5.077589565548621 -2.4758392395359174 8.025552820034687 -8.439331487251682 -4.160609223882171 -6.695701769941644 -1.0647674183777611 7.00069954520804 0.1932866943051459 9.955846271519153 -9.014526371078768 2.0455666791975924 -4.194577256420882 -9.100471793596492 1.0806219779246051 -0.4261219046447007 -7.4633090388305305 -2.7249400453289985 -9.495871949936411 -5.315068880623688 8.619022679861795 -0.9263879502316952 1.0880452224581716 -2.9217388593021965 3.2094207672108532
1.917695542095894 1.9465380439084412 -3.2997804251366425 -0.019233174341646286 4.255575047101208 6.116788272581289 -7.0181369314388675 9.247119613050604 -8.974963854378583 -6.092891894423982 -4.298241752568332 -2.2822847003794933 0.5532434979761724 5.3317678466004015 9.052084831228358 9.329089936659642 -7.085697607459798 3.7928838135611054 6.88056886405538 -0.7650416873472854 -1.137398420808995 -8.322032763762632 6.417067688624556 2.3256772482898813 3.896409594641017 2.7775802790889004 4.6638727360711 -3.2328660628074024 9.813391062213665 4.870212084185177 -4.787345249075203 9.657209104012763 7.589216009480779 -5.279909857680862 7.852839162576252 -4.072720251514506 4.9044225209655075 -3.001244041147335 -1.394053264809667 9.452876765569641 -4.063724541790781 -4.757025761184092 -7.684182675713158 -4.770934084021046 5.245807405147032 -0.38464696365195117 0.22082388706431644 -2.88575951031963 -4.24250151517086
6.616455033035562 6.379452490446107 2.0024652679340105 5.28564685689672 -4.403672314067874 2.8952475290477464 5.3443546913768225 8.69387247885609 2.876993264528409 -1.449697760591262 7.165837274429434 -2.2711355783891607 -5.452646379833588 7.165752910707591 -7.219859923157572 -3.718194972285558 8.945113072256055 0.1545797149996897 -4.943780813533481 9.969826608058954 1.0157360005521965 -2.1586024900615364 -3.6908852053132435 -0.14616222314635774 -5.15433294872383 -8.264606550602277 -2.550954358815183 0.8679734765480962 4.452788987390177 -5.494901175891947 4.901927648594901 -5.938424671944791 3.677611494053279 -0.610172213801996 -6.372278583750399 7.064368300460888 -6.576124811412645 4.020544592691024 1.4398287024673495 0.6414905212926003 -7.311185312321178 3.019644215455899 6.748472720841967 -7.256365607562422 -1.3260914738351959 -4.14114668342174 -5.078147365007246 -1.3917880269081184
-8.526098600819676 5.430841004626281 5.173916131008573 6.886243333674809 1.5260642664815993 -7.454445833290433 -9.02124819199736 -6.435834590574132 -1.496060592977575 -2.6310596252170404 3.9407784236334154 5.9664268475853 4.467359387995393 8.493213304009661 0.5748135661327369 -0.8497774353190524 -6.254875409886564 -5.498316134299381 -9.797388586590456 1.0408604118376719 7.031497166871025 5.731705921581993 7.069001530667287 -1.6811444926686891 -1.8320773931922285 8.016928291612842 3.213421764589506 -3.9053200897477636 8.47946445641517 2.5626164590221 -6.069847246605191 6.787603067561692 2.479689358142181 0.577128420201074 4.527758119198479 -3.249706688150633 -7.678744314353734 -6.845682234553148 -5.828827109434127 -2.859291707123508 8.097871336158954 -9.752315583885178 -7.93678747595221 4.99923297906027 0.21120148646236236 -1.20300125303344 5.320894920774362
5.293141804715951 9.850307497632722 -5.766456012013195 -0.5057247692452127 7.057675675068154 -1.7540213638537305 -0.8939697595588325 -9.788506266721468 -6.687700549840441 7.087928538115065 -5.673145031393851 7.514484125363026 -9.230697708458042 6.940095464260613 -2.5796228839413415 3.162090853440518 5.730927114336303 4.998342656226598 -7.8079120584239 -3.4553601082416874 7.895336021251911 -0.040182312789052155 -1.7572381994660158 1.6064029711815841 -0.9082714512145018 4.204025737033435 5.7937990049767585 -3.2241234735698066 -0.015427924056690134 -0.2724617545075092 4.6358742865338805 -0.07989947766019467 -5.4472659984808285 4.999019768176456 -2.7321854953652225 2.6062161018505448 7.92828070873626 1.0241679117881697 -3.072688942216466 -6.115754913097538 -5.821001737251694 -5.451323846497058 -6.7114716936909 0.4124888551939021 6.912137588285017 1.9819007345364947
-7.304368795610143 6.788653991094831 -3.751857361162685 -5.387406130373158 4.668201981743083 8.022501739328344 -5.31943335080967 -6.303920184610401 -2.223166313436873 2.4641970918574763 -0.7411820213869946 0.9116170141332658 2.5399210726713384 -6.943179369371284 5.9130445408614545 2.825882360946992 -4.583182552210323 -0.79434957325492 1.4370762618168986 -7.259330799089612 3.3599476654863802 0.9541681349203368 -2.2807095431613233 -4.312122078086653 -6.786979517899361 -5.096462646630657 -1.0509274516850087 9.271410279380605 5.557719743365608 -6.26197511150804 -2.265471843303113 8.309685982047386 1.1585372137651029 -9.770062227494352 0.8612516903577361 2.2715277755782792 -7.8820320293450585 -5.605134084656386 0.6260224194763908 4.061838187540516 -2.1632162103633346 -6.489892963520168 3.9342108361383143 9.027849937925508 1.969610060886382
9.957104044645211 8.00821636455199 -7.792444555766247 -6.2806459816090925 7.198516590503104 -1.2679092815983894 9.089765813829334 4.6827473393749734 1.9610631342634544 -3.493058110628786 -8.85060868607005 9.290231439038157 -1.4320674281106638 -7.011782220137659 -7.72129875763407 -7.331639163880414 -7.447152869154426 5.409644148183899 -8.686153882260694 -1.4632709484234163 7.429271456738427 -4.922017390202889 -2.739915500239991 -3.5027422941686615 -6.625664248390919 8.342758799763876 8.197950203177447 6.916921433620031 3.352163520663769 0.7812912749576584 -6.493710728200233 2.8436541801903426 5.398564782470025 -6.811398193797478 -2.8828025829695303 -2.3425169026168957 -8.641860560221655 -3.6187973304152954 2.9810685808007764 -1.7492509310537807 0.7366108763028345 -6.217529646460804 -5.91042300381222 9.524435292603266
-1.2554343392033274 -8.272558725834973 0.33187097986068226 -8.441771495616067 -1.207917124855693 4.988283371488658 9.68731150382312 -7.459645542629032 -3.1480602749435493 4.876011378919327 -1.3981032854505826 6.960875400781412 4.613139407376369 -6.121808780315572 1.9364619051692045 8.64428277751292 -4.0345940278255625 -6.549772541924028 -0.7979784614524887 1.431000399336615 5.9922203697762555 -9.276218900128672 5.891574156991906 7.908236008710777 -3.963799687735785 4.3012855193415245 -5.000540686124326 5.564573998964521 -6.215303028575079 -0.919681796469507 -6.635587773785414 -3.5573682001415574 -5.420196535208898 -2.303332038908006 -0.8659678303051321 -2.993176318106636 8.876677234312194 -4.6324128600121846 1.585401698482647 8.077653582204327 4.4174729053456545 2.9076859862111237 -4.145522796217307
2.300683530739067 -5.158836280748127 -3.6394097382978607 4.758757400377096 8.684678946029065 -9.017525872391374 -4.259070961927618 -8.799072476562909 -6.853803183934342 -1.8003993641529137 -1.121205192860688 -3.2742720654305835 -7.7876933528168895 -9.003112092580048 -1.3884630215016713 -7.077944802143643 -5.752889612183674 0.9145794254013695 5.586199687471085 0.54705670389402 1.4132396741124165 6.369495388207462 4.232362135585472 3.950301965352896 0.6913882402840854 -9.102967159418498 4.280444659856721 -1.9025340186983186 -9.300658548156026 -5.180457498427993 -3.5967814772600826 4.511704465755615 -6.173324117881327 6.969064835341376 -8.795411636015281 -9.057921514445443 9.042483277546413 -2.284783024341861 6.255999079424881 -0.3727779268024034 -1.600831462043606 -5.168931981898329
-2.325703017017715 5.943756520882548 6.214326901554292 -9.234601161501182 9.802485927664218 3.3174423765023042 -0.09732821563382066 -8.092889609103004 8.916934378952268 9.614003187897504 -9.064122376141967 -8.526124744078253 6.591707149698007 6.581221817131537 6.801128345642844 -5.9060734805915915 -8.248349825825729 1.5592116828985114 -7.047111834378821 -9.722132072813263 7.066355932968358 -5.42356425619017 1.9515027223161807 8.611583310737034 0.4505461209323802 -4.626613159608899 9.181792143346021 -2.5643072976795 -6.195709088067494 -5.958737305659834 -7.776225983418906 -9.562291018089255 -6.240939599005014 -2.414892286662136 -7.826293405166263 -9.309092159818826 0.3371789060668817 -4.872209222674366 -0.7871259265465747 5.718771531071363 7.684363166004459
6.044361288602342 7.511875127521062 -6.266979051733667 9.587102761860478 7.391359588649378 0.3643589056458296 -5.246171490666615 4.566463117444723 -3.7674590618407677 -2.1151946774203934 9.032534068299732 6.7815524443319415 9.782802037907219 6.1410911315773165 5.479574168747257 -5.405409866675961 9.540357828909746 2.9745760786066966 -5.206198249235008 6.45992167657913 -8.43040362536204 8.249568805625273 8.352900180515888 -9.51988886729895 -0.30616932743698033 -2.00337040390856 -1.0913550651365322 2.8513463193338806 -4.119568713498349 1.3868175631444757 -9.598183528107853 -2.609072800107899 -5.800397601949767 -2.8264372516699043 7.234183674355834 -0.6474007904799173 8.061924772903238 -0.2928359627701571 -0.35679877165026186 -3.901686397948383
-3.77076372899962 2.9719901986772634 -3.898084868017211 -0.8746227004492546 -5.056976430311049 -7.837030202748572 -4.814292486036724 6.526902769644172 -6.8568160254660775 4.775252631759217 8.463421675342115 -9.107651053282913 -6.239256337137462 2.718328910120078 -1.8199206924230293 3.6754313230147484 -1.8063601687882014 -7.289166381683745 5.622732590033386 -5.278749341237427 -6.345169202697365 -5.183974038278225 -3.734739787595638 -6.268588119397238 -2.7094422386022954 4.185941067844934 8.995693620150005 1.1382868614343011 -8.443714951482733 -2.5174768983349782 -9.730755294763176 6.68873776913165 -2.1761303418641265 -1.3514100091197 6.186430190565375 -6.1276576637046265 1.1633879845395834 0.8948113919314249 -3.286511865822106
5.334985683211841 -5.140493528113352 3.8533781886852836 -1.2688249296124443 -4.595559095759933 -4.86381572444635 -5.4090819895516145 -1.7442588956252547 3.9018486408229203 -7.248564186541133 0.9069649871685859 7.990089497988699 -4.198488861327525 -7.134590097613403 0.6983390956331603 -7.090233222119977 -6.865899560578804 4.612331749887629 -2.702676869689953 -5.31338537446527 -1.428546624566136 -2.441077450560132 0.9170813793666421 -9.89828063025649 -9.337161502179661 2.841780813625916 -3.5392271140742704 3.25894625023581 3.1959709051357232 -0.6363734895453899 0.8001080081378498 -5.309475844569604 -3.3373114693867434 -1.72424019419813 5.691957310618045 -3.3262426062621486 1.102167941515757 -4.1912551474747435
-6.671473018832106 8.01312629645378 4.250991723308324 -9.646616079076997 -4.340776766373606 1.756155885102939 3.8628102697449385 -3.3070467560670536 5.28854399593347 -7.836190896451796 3.559911133848468 -4.994558851541086 4.3307168584876194 6.856704009963057 -9.973199098069006 -8.198606704618381 4.654892156122643 -5.958764254783652 6.348480621620379 -1.0350615640269067 -6.075523848377628 6.768060448629911 3.490126567284604 -8.487830308843963 8.673249890866451 7.801797474102427 4.828648749741326 2.309804563007769 -3.3838874319796575 7.207386045421238 -5.832557127305817 9.502420995929459 7.012627353875915 9.930357010383922 7.262239187552817 8.194333568192818 0.15807655685650346
7.621962809874152 0.4783181643340817 -9.851941849559607 -1.8690959075493696 7.998436838902025 -5.3372393063359596 4.994014990463864 8.64886154722184 -0.09197546232285747 7.1438552548772805 -2.107642081998604 4.300692863423954 6.395055646271086 -1.7566080913372373 5.952129159595081 -3.2714885549697392 6.801973823148762 -8.077285933604035 -1.6142289236454421 3.8078719179673226 3.5696781093551544 9.05747004993745 -0.8140464906071299 4.465662743796495 9.596563121181836 5.363762676218289 -0.6461867026850121 4.0364994046606695 4.529335728379342 -7.914002371655489 -0.901423824204286 -3.1749709847129925 -2.2284939633730128 9.43099592730073 7.1900845598291045 0.32423144071711985
8.868595269312173 4.801273229106191 -1.4585436664246165 -7.131814808577879 7.642522057294858 3.848233281141329 -0.9247327567742247 6.385376654619865 3.61245184929583 -4.687031195124685 0.5681030863167558 -9.970048734198116 3.2355144095078403 1.9159635982771195 -7.284108616864209 -1.0811251174194458 -2.6575290152053 -0.6801065923432636 -2.95527217067306 -5.328568335633356 4.731580751758997 -8.551874354460075 5.686596368342213 6.92093888660864 -9.326574418195545 -8.033557083989344 -6.069912125421844 -3.569429576970764 1.4052570927474828 -9.86495976293972 2.9328538679307092 8.017261568429696 -5.43036126035052 9.871524370335651 -6.5973634582238905
3.5874571511762987 -8.9059321800536 -7.481115828499831 -9.007587885834843 -9.072560237246499 3.8905055489260065 -3.969611300619811 -9.128896409751853 -7.69526926014678 7.616357374304503 9.657608504733727 6.427713176532832 -9.802427872411743 -0.07435915481506905 1.662544254133549 -5.030489513789256 1.4376321511218215 -1.768730914669836 1.185961500872823 5.294336390038965 2.195767391034451 0.7844217092146843 5.518117465488812 1.6124903843397997 4.882016688691118 -1.9664089046924338 6.783904533844809 5.632366052538398 -3.3569402699144635 -2.97042787897992 -7.3759977307478275 -8.539571675021955 5.517062924556287 9.45077128593352
9.015425458457651 9.800329304847459 -8.55304169664561 8.885159864095368 -6.595914805247398 0.967695683639711 7.557843108943738 -1.772644727905146 -7.485405723898253 1.2720096956515348 -6.122360833542732 -2.8812113621874835 0.03706039773647696 2.893873756759746 -6.858331860549141 -8.777712122898905 4.689476293417036 -5.220870098590793 4.4991913874236005 -9.792195078312298 5.714869013722367 1.6826867232045073 -2.9976278879458884 -3.2920485591574256 -0.3225831529555312 -2.527268549896815 -7.876319428457035 2.51278179170608 -3.944281174188078 1.8831456605648422 -5.269332531188509 1.8100581675239158 -6.231178288549055
-9.708431136825526 -5.702597325616063 3.7472165702433036 -8.215384764301998 -0.7083232960099695 4.919451299121382 7.578385324619726 -9.571465458610318 2.800972157032675 5.139511712854796 -1.1360017401724898 7.875197733090569 -2.526000890772979 -3.258938443042918 1.712250553206427 3.1757807964905282 -1.3110685129346522 2.1231026069567083 -6.551505656139089 3.3170053698780744 -4.541546826800877 0.02188031336579188 -6.1301485503565445 -2.1701431604009436 6.544066389880139 6.959253276673413 -3.8548940946683774 7.324202870977572 1.6852034885060352 -1.1756381362983137 -6.7249081613476775 -6.178601186064938
1.9922109191476212 2.2471446635780357 1.719203958082427 -1.5616142017818602 7.113473023394123 6.26274573627712 3.1266317023636447 -3.9990116581597612 -8.889623623788525 -8.612076657841882 5.9386257931832525 -1.5005953970919927 8.986868650314594 0.6115448555501923 -8.88434726745049 3.937761050740942 6.996792363201784 8.933113393929375 -0.45123924496821566 5.12353434872197 -0.11535824488344115 -4.9188706737003045 -3.926086428569102 1.059904267830798 -4.392039698000023 7.119039538909917 -1.1756775462061353 -5.788210075102638 8.00277832898254 -9.535052452839468 -1.3486939976723877
-7.803629322452319 -4.4704463403920975 -7.814067382266363 -9.891043254396532 -9.950020551466691 -5.36885671128025 -5.037629553919853 -0.8484146919902935 7.413995715078734 -5.422000273403105 4.827165581651367 -1.8791503967896772 -8.060962811636042 0.12920618616772295 -2.907086003110555 4.733476365864481 -5.837606643642735 -7.801759928742776 9.908139710976709 -7.908465857299292 9.099757739251856 -7.9871260803051065 -6.619549012298924 -7.1339296515265405 -3.9493774319936947 4.771022942032442 9.770927998145122 -1.0734831590205185 7.412721786907992 -3.8762095433836263
-6.731376685212156 -2.6294565041595552 1.1117703821389235 2.2322849202112494 -3.4147300243911305 7.6228854242497395 0.675440982845088 -2.6141002693711735 4.8413149721334765 7.214226082014356 -8.149741777192068 -3.0349247523182443 -0.5502925753425325 8.08538565983411 3.6130157899456083 -1.2110886232015283 -3.6036399781917194 -8.5651330952345 -1.1692551194757983 -9.804457697430047 -2.0486182179501466 -6.978999308118128 -6.02828642037813 -4.060015211522201 -3.880304328688726 -6.881306876867321 2.972252590714437 -7.513584586615922 -8.753013220297682
-7.652331394053247 -7.9697964231124825 4.343028435256187 -3.792864138359995 -4.426524184863245 1.591966796024924 3.2480327824278743 -6.837594931347086 2.523447442717237 -0.3878040328823218 9.061577140505717 -6.552227550234379 -6.042393345702419 1.4410313076525405 8.196833006690337 9.010788914803944 7.895008298022379 1.5761916649291408 9.08920206664371 0.6878846550463624 -1.5205479345113981 -3.2081509452927093 -9.227470049663872 -9.284067815835808 -5.9770938511582745 -3.26821205410478 8.532294204635955 -0.6090601418595831
-9.343507340886559 -2.939909240809746 -4.959971704507304 -0.1369910943312358 -7.8210740788317406 -6.955752216581765 2.1639468976886467 -0.26325185769190185 -6.184886035738311 -2.477010928137493 -4.583192671132599 -0.5300807860237366 -4.393016710748805 7.551030156838491 5.361271415288364 2.7542550598613036 -4.57153453676592 -4.309158472720411 6.16137408726126 -9.313147033924817 5.3265919675393665 1.2997512817977497 1.559098926450646 -4.262304363090181 4.5316805852543585 -1.4180866669446246 8.147028190225186
2.464677182175161 -0.7175118298751815 -0.5208298490444219 -6.145020845558307 8.71388290772811 3.6675789668037506 7.942329582240442 -6.564469805550843 2.0480700918364203 7.026465809256884 -5.0858070642368 -8.462551597000392 -1.5987195383584907 8.104016696323384 -3.080596469259218 9.330307712304272 4.548128442662911 -3.951077287781626 9.0138281501307 3.006769378239371 7.557731382933312 6.826658735215907 -0.07872805559115514 8.8524069172845 3.894768284559833 2.929128751188128
6.373051504404139 6.432306670276084 -8.784627315099545 8.510050489694972 6.673194431545326 -6.092194897510089 3.771199772525784 -6.118566593224745 -0.7502613611028242 -2.674781550936487 -5.3145753635144395 -8.698120164665525 9.526205783922116 -4.089551716288044 -1.1085427000875803 -5.781341928199783 3.0140275034497477 2.0672593000785033 7.255371469092746 3.8087151191765933 -9.445631318095167 2.655426246799102 4.12145627372853 3.96038796129079 -6.532795825298576
-7.296275558478939 9.527417804588548 9.68457219821876 9.59351054337386 -6.469390610604766 -5.8801092776975565 1.9989291248961005 -1.5738087770570064 -4.449291612961974 -0.2487850187525975 6.365125642492306 -9.319140266990093 4.761847488508961 -1.7439824300386508 4.089445374763072 -8.118164459556443 6.178080418568072 9.900345267626097 -2.200167964986397 -4.729771989960858 -7.271455448161674 -2.132475698084577 7.415505342621387 -2.149436665735538
4.376881280575935 2.8763321845882817 -1.2203983953068098 1.6582837043992016 -0.6198188788031467 6.360158027820391 -1.202811416795162 4.9335336514247015 -6.57935826624604 8.994310325880798 7.099172980933255 -0.5302529936473155 2.181453987354396 -8.263831612352583 4.400584251091804 4.742191391097328 4.538712052420513 -0.006059150110788725 0.02314145288217162 -6.285145290412113 3.777267531204842 -3.236223979276034 8.815239243026562
-3.8512972954547298 2.964701367395801 6.549724304646847 -2.404506400410895 3.9869603171232737 5.9406259054985995 3.258777014652936 4.479930617784518 6.880049872486984 -3.8838697766984365 -3.465418763871475 -0.9641670957276083 8.101048328321923 -3.1501768313693645 -3.125971093465323 0.21193534868395592 4.024950995159569 -8.641634348819405 -8.838312727497042 -0.006270555492522423 -9.469464630208794 6.186908067347043
-0.3169264947710748 6.97240796932276 -1.7675358271352337 -6.035955007861942 -7.110268204381855 1.1968455765265262 3.4158920765242407 -2.6124919049588935 -4.417512970493124 -5.58609268675373 4.265018122393824 -7.0414361019351634 2.9262765189318474 -1.5313252558306178 5.39157899515748 8.940429802814105 5.200319329545002 8.366794333340906 -3.918710231738838 6.020357128265159 1.538030133342514
8.076441495856685 -1.1129818440032868 1.7779677789028336 1.7093519167582727 -1.2059436794572154 -8.824767928561831 9.999327057392932 5.812543677543887 -0.49727570052973347 7.681352572372617 3.7874409634113193 9.830939556145415 9.806098251243645 -8.469102228211781 -6.491711526533663 0.33688178879737185 -7.305739054240494 8.818033408627965 7.614607208942403 6.722253138157646
3.7431780704546513 -5.141308010942163 5.435335169402718 2.7048946542260976 9.944104793152812 3.423334694564133 -9.64382508796379 6.55590431675318 -0.8056113331294501 -7.5087678734420855 -3.1769758238368273 3.42588939846584 8.377258689179428 -9.286698758059584 -7.885814377814415 -1.3988279482373556 0.7789695541848851 -0.6043582877620368 -4.255736845708582
-6.259374569663927 7.40105080009549 7.861257033771869 -6.964069103358734 6.7985844693993265 -6.269006927116614 -5.904609118455322 -5.415442827905781 6.303142484304447 -4.951240349455464 -7.649196690948417 -5.324020909814349 1.4166189477424473 -8.592918690066178 7.917992367527969 -9.26078743578569 -2.9257328059731202 -0.6285327219557302
-2.5258237387130866 -5.3270455001065775 4.89606586105114 -7.46992964153967 -7.6145767889754605 6.7849775296890975 7.774478500910053 -9.343895763621855 -8.496505033191287 -2.797430334663098 2.835504896406762 5.704290033967552 4.7534537432345525 7.593030397905891 9.752016460640252 5.516387665736233 4.192290206646197
2.20874965185746 -0.5147633293132792 5.66812484411483 9.693751576879496 2.8241806457737684 7.7106901656863 -3.4539518899841926 2.452526576730094 0.07120499981811301 4.1081932076076955 -1.0411688830259358 1.9995070793509173 3.374402302287809 -8.37151319523976 4.26606578889122 7.364350335018113
-8.402985779011047 7.283039620654847 -8.081000184015165 7.159813638236567 8.607608998177431 -0.8641070193486744 0.5562324946519048 -1.7298441310628432 -0.9233952740621487 8.820313080260746 3.082145854320477 9.503160906251821 -2.6594400317686295 -3.0413930771096442 -7.598052561707222
6.66077379637872 -6.086797302607689 3.1580111053069526 -5.523769151416571 -0.30051873454559397 4.197650799838151 5.995920927686926 3.0192157469677117 0.913608456155599 1.3257470881390176 7.471442987641039 -7.784519830791606 9.511906674291534 4.9679102890368725
-7.75900027759471 4.379674916195677 5.296271323749185 -1.022233801401231 -5.63863012464137 -3.72512133953119 -6.449475156772248 0.04248152917046166 5.193399735745308 -4.563746087636009 -5.8982534604807935 9.078012221296472 2.4736438662534233
-4.1433259044716175 0.7049197178478162 5.091850839573029 -1.31471485426788 -2.562423301656882 8.254601380851902 1.9227737672761447 3.7380668806275907 -0.847891549116957 6.289216276501726 -3.6993416761377396 -1.0894110857898665
1.7004054664808388 -8.832798902779315 0.1432686984455711 -7.222264452076626 1.8831804807193064 -7.857298333840054 6.670312465331438 3.8076400947559064 3.538295558664246 3.7065172557097203 -0.2320432192903632
7.331771439181038 8.289173501549548 -2.430845460799047 -1.1747306187959627 -1.7745830643793736 5.255797515288984 -4.830130348609368 9.591320789228863 1.1734487291666085 7.9085335669339845
8.881928759540308 0.7205375567911765 -8.707268229617618 -7.965763961690506 -1.0853229430054534 9.825983208914629 -2.256095577201398 -4.155472519037076 9.575784483330551
-7.845036543590407 7.8271878569998705 5.619370275891075 2.927185313407399 -6.778310618830585 -9.988029844138076 -9.116149255553346 -5.399685856323924
-3.272888012964661 5.03529201007654 6.169631870995271 4.096418106748933 -7.725234039019401 -0.5672029817841651 8.045682926220124
-5.236003561546445 -5.948126411442849 7.289611603544186 -0.5763099375008096 8.107320910949777 7.318051567748814
6.4145774771336335 2.741024601030826 6.938296809566246 -7.869385600988766 -9.083440664472187
4.26686080493581 5.7683243335448005 -0.9348295910932203 -1.6828103722708887
-7.857414767158355 8.226912834848182 -3.7681197567409797
-2.402921916370635 -0.306598940724343
4.345831086924572
