25
6 8 4 4 8 10 11 11 5 3 4 10 8 6 2 4 4 5 5 2 8 3 2 8 4
1 12 15 22 23 24
2 4 5 11 14 15 19 22
3 6 10 23
4 6 8 24
5 6 9 11 13 18 22 23
1 2 4 5 6 10 17 18 21 23
1 3 6 7 8 11 13 14 18 20 23
2 3 5 6 8 10 14 16 22 23 24
5 9 20 24 25
2 10 15
1 10 11 14
3 7 10 12 14 15 18 21 22 25
1 5 7 9 12 13 14 20
2 7 13 14 21 23
15 18
12 16 22 25
1 9 17 23
6 9 10 18 22
6 14 15 19 21
10 20
2 8 9 10 21 23 24 25
2 10 22
2 23
2 5 12 16 18 21 24 25
8 15 16 25
6.696842973312989 -7.904077912602605 4.892809633590356 -2.789983274874286 -2.8137832438385613 2.1847676123630344 -2.124408978234973 -1.8185478027820268 0.1980481917921284 4.20295986654147 9.210524504113346 -0.8675778212212548 -1.4469695787678205 -7.730725977600592 -5.642022613069518 9.149441381358347 8.8670144080879 7.636485623129953 2.928211248067869 -5.723503757387829 2.7366402761367836 -7.217074960301931 -0.8259185938927494 7.477263703126365 -4.830993882658527
3.297021955250632 7.253486720739186 -7.023038739115622 1.258999163179464 -6.816894723737046 -6.5421014683540175 -7.919540780195378 -5.941248139996658 -0.8962140655422424 5.891498324564339 9.816453619615633 6.100344011609044 -2.451691885671552 0.3147485124367888 -8.822021572558452 4.221913724060573 -8.549843732047277 7.652231638597595 4.5211563713311715 6.6673242488351185 4.2046136765923485 3.948598364083835 8.602056068163451 7.633454977145659
-8.100560334070838 -0.8700716552519516 -0.14553016286711795 -7.820529921283357 -6.925310782765006 9.685680666130224 -4.568796925761028 7.9430377324874275 -6.715307089518305 -7.352834105229391 -3.6529319466136134 -3.8515488234875517 -1.5588962649119864 -3.380072183984675 1.3615074584249376 -8.094306768777031 5.959549697023768 -4.626872590441438 8.22829825844724 8.034879593317157 -9.682843992974723 7.0736449196451945 3.512123473401101
-9.246394153419837 -3.8210433435475344 1.2849898402434445 1.8815525890558482 3.616268155876452 2.648636500043471 8.77404979084135 4.742391854819619 4.897110201295249 -7.822288094191183 -0.12729454800561202 7.335020721443497 -9.634897846340964 -6.341925585188677 -7.746402438295243 7.065953184236373 -9.030917023955498 -0.01142209679457773 0.06179737983729394 5.294542701117346 -3.05042166221835 8.628378638128197
-4.015881683559517 1.02258967553152 -8.848894808049577 1.9061360480105116 2.860883020006202 4.8238806516517325 -8.021746991782624 -3.104488135831307 3.785080578883293 -6.356759758973547 -9.949175145592744 -4.648916715725473 3.9825528932834486 -1.6213120663481106 -3.6185008721131173 -5.756107090033509 -3.73949553572001 -2.5912022281119595 -7.358346416530706 3.5459896158165205 0.19613442543943593
7.148521401773142 -9.9927244965906 5.582899976989255 5.845903557928747 -8.717207048861333 -1.3996196090080248 -3.0695128418518713 6.83350484732812 -0.31750909788361925 -4.824395330520785 -7.661487890630456 2.3228751603053643 -2.9654006834952717 0.2691552071348857 -2.7493541387415 9.613513312465463 -1.886282451721506 6.067879365696378 3.5364100877809412 -4.636878742300823
0.018359037694546387 -1.9016802151515089 4.564993147158249 -2.735798895678734 7.555996744230578 -0.785901971593872 8.71633726082786 7.003793001207754 -3.701188899869552 -0.29157494580361654 -1.908059068593977 9.730438966088295 -0.6484961947688661 -3.239527033323808 -1.0306226079248249 -6.532680775914102 1.4618481519190318 4.360935437444926 7.850510063901803
5.778204991715734 -0.30792079443336506 -3.757240897269354 3.9076391035104296 1.5911099509711057 -2.209332952993295 -0.8064111357476622 2.3077136993664804 -7.422005200279791 1.789592780571836 1.0412213405659987 -0.2575939114200376 0.9884266521034224 9.57980545017575 -6.577778867690203 0.5505348835492185 4.126103235791023 0.770300088475695
-1.8885944736696403 5.182935461456517 4.252097753374269 -5.94614528695335 9.654043421486962 5.735227561133421 -9.88233867289626 1.1810889376166434 5.249440085297192 -5.123115920894454 5.058118411472092 -9.429106641084054 -8.420461992010349 5.370506267976662 9.634657913738124 0.1874922463667028 -4.160102789995108
-3.955226603537516 -5.828037728905803 -8.94164772832774 9.395892690093701 -8.530162320870465 0.2189654008890085 -1.850657121087913 1.4926787974230615 2.7796936192509736 -7.144892860628989 -0.2699758569968469 -7.401314144823223 -4.369811139411053 -6.473403207793491 7.0035091093823665 -6.733366648466552
6.166908833492104 2.35127627161287 -1.9517271632303168 3.5182128207385888 -9.553848485587837 -2.8047566539273694 -3.032934331557846 -4.7842792431888 -6.258412911800788 3.6173026646899453 7.573107739363502 6.175170794915326 -6.397867881688124 0.47099836176258014 2.8313320121430685
8.348994208652538 2.537916770686759 8.65527739771336 -6.6867231257003485 1.0995997710235228 -0.3555499629189107 -1.8278392375421015 4.852245132777691 -2.970993335883858 0.7916316296835313 0.06255446167304779 9.737114841829214 -7.475354290026197 4.389086593121498
-3.908587758262214 4.498016827500844 -2.1976628066385695 6.327377487825958 -1.032698812034747 -3.8319897991698038 -1.5579084504584517 1.6991049196337848 2.069216514200143 -6.987178645140983 -3.0617331894221933 -6.721965188673529 4.728432428870892
-6.044872811037189 6.7152973932176 -1.458378008731036 2.0169935837369724 -2.312901524428508 1.8763922395400345 8.355027284319885 -7.222895666894276 5.433211429408145 3.3042210240237013 -1.883567377178852 9.42198265765329
5.845764504010718 -6.923679854138605 -0.8289009241228085 4.237376851654471 8.460462401031869 6.860657930875593 9.130346527677098 -4.249870600184112 6.820937421983784 -4.548409327060732 -3.7352230158425304
3.413297211712716 -5.693720334493788 -2.3123407359058024 9.939585172358882 7.035793084006827 3.7728805403478294 -6.908933325420994 5.5119357748756315 -0.21360239047782503 2.547865091071726
1.6240727356487916 -3.5162939924258207 -5.6450566141006275 -7.525814270199012 7.7139397783070045 -5.692051553838676 -2.3286391270449203 -6.265790076044196 6.5720796985223355
-0.01457865910468259 -4.333004341967044 -6.218168825954173 2.9392967744619414 5.8045239710600605 6.841990556076363 7.78261111886825 -8.447889233302392
1.814804727175523 -7.347443415409199 -9.254041280436432 -0.3172182438343807 7.619920637708251 6.275287529097023 9.45144137984589
9.101034432246067 8.381134818413017 7.336420720903185 6.754553070587885 -7.407657659300135 -7.06902523178548
8.3463422208812 0.9041016182609374 -2.4796517502763726 -0.32797103057736754 -1.7219433867932987
-9.512233311019042 -8.668594350988199 1.234063647075554 2.086182003332302
-5.52191522211837 -3.928260081473214 1.7233387200394823
7.863237201213799 9.840484397969359
-7.734234709151384
