25
4 2 4 3 4 4 4 4 4 4 4 2 4 5 2 3 3 3 2 5 5 4 3 2 2
1 2 3 4
2 3
3 4 5 6
4 5 6
5 6 7 8
6 7 8 9
7 8 9 10
8 9 10 11
9 10 11 12
10 11 12 13
11 12 13 14
12 13
13 14 15 16
14 15 16 17 18
15 16
16 17 18
17 18 19
18 19 20
19 20
20 21 22 23 24
21 22 23 24 25
22 23 24 25
23 24 25
24 25
1 25
-7.698908672204421 2.181330785589628 -7.332180716280234 -5.1882076006930244 -3.4572188837772044 7.1827498189719545 3.321804261960515 0.8232442456680755 -9.419723511512792 4.674965925605658 -2.100999631379883 6.04094237257333 -4.911577482802414 -8.862301266976964 7.332972817984005 -5.5794200823125735 -1.9002110390548066 -3.678070579635826 -8.466746000071055 6.864493884594092 6.978782954897229 9.429301828707759 -2.292461712097238 9.089762502173304 -1.0848327832056226
3.3944930344361546 -8.349999006056892 7.941971599630686 -4.039929986224746 -4.753903548072371 -9.89740901871086 0.8640503056081195 -0.48807265985493675 2.7274735514304527 9.564082681640123 8.173255156621755 8.203061515603132 0.5051134221429088 -7.9196210029047425 -6.38170809484198 9.060804419734831 -1.7609403322728268 7.300342412143634 3.4435455895235223 2.5757159176432243 -4.488824467020958 7.934945394817252 -5.862172573132696 -1.9118951384918481
9.87144984788207 4.714541630142415 -1.0987717502063465 1.213263388874699 -1.7748902182672954 4.539759839359769 -2.016062281918505 3.4029032940476367 4.094312157610829 2.191197425180915 0.8006892836331203 -5.878362981733964 -6.016770467545962 5.914777296320883 -4.193344444584868 3.119256556477077 -4.007664483859504 -7.110432431543425 -1.92086666039061 -3.794609463108205 -5.132039674380755 1.7620808531675225 -5.093134940732805
4.955412235857262 4.402932957084458 3.9052173391018585 -7.945144428535766 8.872848563685823 0.0667926578556366 7.993472387348255 -6.028402311273721 1.8889837363686146 9.308171633545266 9.97396491793374 -9.516627500389108 -0.37393333089366765 -4.171546206527841 -8.72558863365371 1.3924879788611788 -9.89833430601572 2.225551793400433 7.40362954069179 7.672029299477785 9.086389663920766 4.797276396069483
-6.305740849018225 -1.3064335782638947 7.717989910957468 -4.899074393304071 -1.133746105420319 2.3387395164179026 -7.932949782436911 -0.19780677861874985 -9.105911951285062 -3.767450613816985 5.040793727320501 4.309981730561294 8.83108487516634 5.537907334175389 -5.695429700256276 8.09942361266501 1.0452829402280717 6.897957751537125 8.44978967546081 6.579225578782837 -2.1160400408054736
1.9637627316425332 -1.3460384087279964 3.882942714939017 -0.3062702079274704 -7.434793168478535 2.8874099322762725 -5.905875676586896 4.899142510644592 -7.887655871948347 -9.853810125521505 -3.3102201689413535 9.385110076621118 4.019513788666087 -1.7262893053332728 -7.584956589684251 -8.792729112968926 4.524233475215502 8.109019686269471 -9.679481641357622 1.682816614271736
4.572081004171029 -4.156049114479837 0.45595232654487283 6.297037725012354 1.926539603537314 -2.4288932109686034 -8.448843890100582 -0.26187647535827363 -0.6361218786014966 -6.369304865412988 -8.597281310735257 0.1680186429281294 -3.362965303374439 -5.710043593061711 -8.106862115711275 6.758610573394339 -2.8977505919847113 6.535701444448263 -9.4807546153611
-9.955208456932938 8.48835502628733 3.478665020152436 9.896291602124167 -0.40989957118664266 -6.817250068920373 9.045661055567924 -6.678596529110063 -2.6142938591389298 8.691199677405494 -8.367177275497045 -0.9207577077223572 7.745811833210068 -3.6118987942872516 9.253158754314224 9.94745200696977 -0.279689518802575 -3.5741682313197365
9.468779961636871 9.974370726177712 -1.0957379973551218 -9.105086091163452 -1.0587775300517333 4.203495995941124 2.521426552600843 3.4129954042250144 9.438377196933846 3.239424817716716 -8.170995952846736 1.7946202041925563 -5.768379871874649 5.901512699991269 -2.9938803554429505 0.04872955286312708 4.070782922631839
-6.56744648164123 2.021188822643758 -6.799307785218833 6.531568026911829 -3.3459674301496367 0.9339437323318611 6.614212092846763 9.381341242795472 -3.449300446024852 -8.232523607765883 9.269782475591612 9.786068873709171 8.381541741119904 7.009713801066644 -0.12614514943211752 -0.6276688374483075
1.1790561220120632 -7.8619559023906405 7.974741827233105 2.3029441497714442 9.840916288182795 3.8515279497084998 -2.905302964067753 -6.5307328047035345 -9.076638845828583 -3.464205899504351 -2.8841114737501528 -0.41225579816410285 3.179562496057675 -8.281155764998761 -4.0710877629681175
-5.931537283566399 3.043194745059199 1.543127388582164 3.636042728303861 -5.661400575562581 -9.554605033195287 -9.22051652170481 -0.8657242074588667 7.552201951215849 0.7831437176701561 0.5098656633403587 0.8845255141776942 0.3283795555876523 7.727047190473133
-1.796112028669874 6.390436138094331 6.644340087259238 1.883619832798591 -6.031666425285405 5.506085582248794 -9.891373872094242 -8.945073129331615 1.6229983645821888 -4.960531023036003 -4.716561252318428 -9.11973490427236 7.936417336100181
1.1489706764882324 -9.527956136312579 1.4530875509600016 4.060215605309718 4.295111398491828 -1.079356867483534 -1.4986169540710859 -4.466140401334597 8.888390848766115 5.7891581582563 9.837964649760746 8.158153690086058
-1.8514293068311671 -1.2647122830427437 2.4713075913120597 -3.5142426930039705 -9.34827752551877 -6.711656790558758 1.1260319767347604 0.740898083271222 9.436193911341622 0.6321512795413065 3.349419693905351
-4.574709369273561 -2.140533610163493 -8.595424021090114 -1.1230265043229948 -6.023751579429744 -8.748085584141709 5.8662899351691085 -7.190387428352405 7.863207489859789 -6.3492904715759835
6.218046982925609 7.5366056529656795 -9.82268180538475 2.3490215250291824 6.196271806974969 8.559261273514235 1.661410631328728 5.670027015783323 0.09358031809072465
1.5739204973466214 -5.286927055160888 -1.4369379955556205 3.0019812470063734 -4.351183114334194 -1.2299339743590032 8.898051892557948 -7.862194078501361
-1.9874945365870178 5.896557869290069 -7.943997185985932 1.0717894820916207 -2.9820119709298365 0.570481423598681 -3.4319861414778607
-8.467819451760965 7.894481578248682 9.671501389069753 -1.480103649903488 4.1044070311727125 -1.5717375955769608
5.26598720945711 5.951163955163594 -3.840416028146869 -9.131526911654529 9.907125971862305
4.0756484311437795 4.44771262288177 3.0249240909904596 -8.690165541020459
-8.9594831243282 -0.20271568436883491 6.118861602069574
9.582355911472922 1.641090200941191
-8.13220926106008
