25
4 4 2 2 2 2 3 3 4 4 3 3 2 4 3 2 4 2 3 2 4 3 2 2 3
1 5 22 23
2 12 16 19
3 22
4 14
5 15
6 14
5 7 20
8 16 21
1 4 5 9
4 5 10 22
10 11 20
1 12 19
4 13
2 14 17 20
1 3 15
16 19
3 5 12 17
1 18
11 12 19
13 20
2 14 19 21
3 22 23
8 23
10 24
2 19 25
-2.50919762305275 9.014286128198323 4.639878836228101 1.973169683940732 -6.87962719115127 -6.880109593275947 -8.83832775663601 7.323522915498703 2.022300234864176 4.16145155592091 -9.588310114083951 9.398197043239886 6.648852816008435 -5.753217786434477 -6.363500655857988 -6.331909802931324 -3.9151551408092455 0.4951286326447568 -1.3610996271576847 -4.175417196039161 2.2370578944475894 -7.210122786959163 -4.157107029295637 -2.672763134126166 -0.8786003156592814
5.703519227860272 -6.006524356832806 0.2846887682722321 1.8482913772408494 -9.070991745600045 2.1508970380287673 -6.58951752625417 -8.69896814029441 8.977710745066664 9.312640661491187 6.167946962329223 -3.9077246165325863 -8.046557719872322 3.684660530243138 -1.196950125207974 -7.5592353031044235 -0.09646179777459629 -9.312229577695632 8.18640804157564 -4.824400367999662 3.2504456870796394 -3.765778478211781 0.40136042355621626 0.934205586865593
-6.302910889489459 9.391692555291172 5.502656467222291 8.789978831283783 7.896547008552977 1.9579995762217028 8.437484700462337 -8.23014995896161 -6.080342751617096 -9.09545422178924 -3.493393384734713 -2.22645420621036 -4.573019364522082 6.574750183038587 -2.8649334661282144 -4.381309806252385 0.8539216631649693 -7.181515500504747 6.043939615080793 -8.508987126404584 9.737738732010346 5.444895385933148 -6.025686369316552
-9.889557657527952 6.309228569096684 4.137146876952342 4.580143360819746 5.425406933718914 -8.519106965318192 -2.830685429114548 -7.682618809497406 7.262068517511871 2.4659625365511584 -3.3820395029470163 -8.728832994279527 -3.780353565686756 -3.496333559465059 4.592123566761281 2.7511494271042625 7.744254851526531 -0.5557014967610141 -7.608115081233966 4.2648957444599 5.215700972337949 1.2255439513899247
5.41934359909122 -0.12408807271218514 0.45465658763988115 -1.4491796328290074 -9.491617465118097 -7.842171460133911 -9.371416286265315 2.728208225275608 -3.7128803784734665 0.1714138232940554 8.15132947852186 -5.014155417022501 -1.7923415392874054 5.1110227708609735 -5.424036690167551 -8.46040180342414 -4.204970941724639 -6.775574254919912 8.59395304685146 6.162407591288339 2.6680751302084693
7.429211803754354 6.073441537982289 -6.268598822279284 7.8511799697995555 0.7868448383130144 6.148803103281251 7.921825998469865 -3.6399305005627225 -7.798961509446465 -5.441296749161166 -1.4578442274748737 6.360295318449863 7.214611665126869 -9.860957389376185 0.21494605155131463 -1.6517799370244202 -5.557843790585395 -7.6026926533263435 -3.247696571927441 8.858194078250383
-3.5359413595848954 0.37581243486732197 4.060379177903557 -2.7274079524141204 9.435641654419214 9.248945898842225 -4.964354083492717 -0.05502988215229099 -3.9824338036646068 -4.303190112450648 -9.262261052909345 2.191286679597937 0.05358046457722976 -8.970424975000213 -4.427070715267771 8.165317719333075 -5.208762186660552 -7.102102558175538 -0.2109447944487397
9.713009082212015 -5.158894569769991 3.442710948117571 5.232392306574352 -5.247249120152007 4.5643269722371915 -2.6443373456149355 2.6461166118715895 2.670594215217894 0.7154936814951696 -8.194204598911835 6.70604991178476 -3.5843987005652833 -6.269629792002915 -9.184497168904722 1.8178588637648363 3.5512872368456483 -9.668243421442877
0.24186116598561958 -5.470084496041241 2.903455808188997 -6.512671419900171 3.818754762049319 -2.265293073989252 8.73459977473469 -7.249581117080135 -3.17867297899483 -7.730529575188219 8.493872365571256 7.54678706761962 -4.841167445696888 3.199680920683581 6.344444004024316 1.1040162319892466 0.5930115671201297
-5.162954181990966 -8.137944643882015 7.9443151590665355 8.008361143266608 2.662029145465359 -3.2194041790259864 -3.015808507746782 4.519113577404788 7.942205199051542 7.741728485302346 5.597510917152477 2.840632923085755 -8.317200700099024 -6.767425718107725 7.9710837705415845 2.1285811931917986
-9.816058967667407 -7.9705691426793575 3.270035382161116 -9.898768323075625 -6.783838971650027 0.9746757873317224 3.837903953853865 3.0392251900520106 -5.514613810788804 4.243584426950717 -5.255018250063999 -3.4920060368146455 4.929828102360483 2.9926579809442933 6.984468209883559
3.1522578460068673 1.3661720667094324 -8.12650464343815 -2.6456839388113296 -4.695952646365491 -5.1202071324183285 9.460211095048912 -2.138045506664792 7.840931103542266 2.622772519945258 5.896226070832968 0.05274186210384224 1.5380776925271822 -0.149646123622722
-6.09514024403911 4.4490423052301065 -4.384552751182884 -9.513680671370924 2.9094459181433563 -6.457786411859021 8.809171687058285 9.078571540051747 8.29728780440897 -2.596825994891112 -9.690867669422651 8.566371251754507 -1.4363170336537134
9.33309638087339 9.272399541785056 7.060189109347201 -4.111022158608286 -2.298045427961495 7.022733430337138 -3.6615598968744467 -6.61014506627815 1.136025249167003 8.72309548321562 3.92059593349946 1.4012234017872993
-8.05647012458463 2.300144533983395 9.801077002085265 -7.19831969526952 0.36659304727473474 7.547461438559109 4.815372355084088 3.9403148199053595 4.049681679742186 -2.8101769756048967 -4.128163114710133
6.187223109570272 6.202267893583615 7.341446371602074 8.264811051129426 0.22684797721875594 0.030325893743992083 5.965903579335503 2.999278615555303 4.039337545154067 5.915853388722021
7.8001068363513255 -3.240096862969284 -2.4883409472011198 -8.12036120318262 1.5656028199234795 -9.281154524065158 -0.6880396373507969 0.8528926941515325 -4.269174957434312
1.816665211380215 -9.389995001219011 -9.253036225015713 6.452011213193165 -2.796187171774742 -7.458789746962305 0.4448652010960874 5.399871061972217
-5.683579450063137 2.457809516380005 -8.29305070012464 -8.966365576627846 0.6270926313629599 0.8127024322021303 2.748598029964131
4.521826674453231 9.517041589250692 0.3260069660239062 -3.5408705411750807 5.903723895374073 -4.583354974758516
-1.2205715858872779 -8.430872373154681 -9.49298513169085 9.252968293558501 6.719602410244116
3.9194841218739596 -1.8209411117146024 -6.534113598583085 -6.871259146578279
-4.995142036708094 0.9845332941224094 4.291918454001246
3.2039475343546253 -4.401322061081143
9.097305613263881
