50
6 10 9 10 7 9 7 10 9 10 7 8 6 8 10 10 7 7 8 9 9 5 6 5 8 5 8 5 7 8 9 7 9 7 7 5 10 9 5 8 10 9 6 9 9 7 5 5 5 5
1 2 3 4 5 6
2 3 4 5 6 7 8 9 10 11
3 4 5 6 7 8 9 10 11
4 5 6 7 8 9 10 11 12 13
5 6 7 8 9 10 11
6 7 8 9 10 11 12 13 14
7 8 9 10 11 12 13
8 9 10 11 12 13 14 15 16 17
9 10 11 12 13 14 15 16 17
10 11 12 13 14 15 16 17 18 19
11 12 13 14 15 16 17
12 13 14 15 16 17 18 19
13 14 15 16 17 18
14 15 16 17 18 19 20 21
15 16 17 18 19 20 21 22 23 24
16 17 18 19 20 21 22 23 24 25
17 18 19 20 21 22 23
18 19 20 21 22 23 24
19 20 21 22 23 24 25 26
20 21 22 23 24 25 26 27 28
21 22 23 24 25 26 27 28 29
22 23 24 25 26
23 24 25 26 27 28
24 25 26 27 28
25 26 27 28 29 30 31 32
26 27 28 29 30
27 28 29 30 31 32 33 34
28 29 30 31 32
29 30 31 32 33 34 35
30 31 32 33 34 35 36 37
31 32 33 34 35 36 37 38 39
32 33 34 35 36 37 38
33 34 35 36 37 38 39 40 41
34 35 36 37 38 39 40
35 36 37 38 39 40 41
36 37 38 39 40
37 38 39 40 41 42 43 44 45 46
38 39 40 41 42 43 44 45 46
39 40 41 42 43
40 41 42 43 44 45 46 47
41 42 43 44 45 46 47 48 49 50
42 43 44 45 46 47 48 49 50
43 44 45 46 47 48
1 2 44 45 46 47 48 49 50
1 2 3 45 46 47 48 49 50
1 2 46 47 48 49 50
1 47 48 49 50
1 2 48 49 50
1 2 3 49 50
1 2 3 4 50
6.933248144202677 1.2233108053006836 -0.9024919518849428 -2.956501726160765 1.7170276826967457 0.7149948854615151 6.549125535586922 -4.709156025559311 -0.43241877322568456 -3.0442995430855624 -7.310433553820525 -4.800452993138817 -9.047306476614285 -2.114133905418445 -2.56767615823577 1.134658465710856 7.94989108735316 -6.6530822598723205 -1.8558716034034695 3.0470667755750203 1.3549816031626238 1.330377120300783 0.48710199209295313 2.1516004856228577 -7.435442519535718 -6.2134874271056955 -1.1762476088948337 7.240682032112494 7.939696886483265 -5.42141052884287 -0.674382874219519 -0.588773072533908 -1.485318141833376 9.400082423066614 6.517921409435543 4.0983121181979465 -3.914484607285511 -7.017981364472618 8.826882198910194 5.543598662062812 -5.085652271064587 4.221593035000337 -4.646301908941977 7.333911742711507 -5.344091596714535 -5.583067965851138 -9.432902737299116 -0.08229689425703457 4.5156494924721695 -3.0222976416160763
-4.9315852838618435 6.38099530133487 6.535866380330477 -8.998727157648126 7.079275648028014 3.9534593015173747 -8.791606253740241 -2.114136992666973 0.689312460956899 -6.794707691149222 8.822060265824273 -9.38195838361926 4.631102414931425 -7.408731745621058 -2.7866782518996303 -9.145211865543379 2.6715566341038866 4.551742386018153 3.825497342893298 6.708680519747743 8.815614784628039 6.549758271976596 4.159337983987421 0.9331899981246972 2.6838118222858776 7.91420963611235 7.440081489426003 2.732143135608802 -8.779845447440962 3.6966783713411777 -0.4467585426991172 4.218671561251945 -5.771898195926822 4.026913452446745 7.955329882877066 3.5889825948807297 -6.138867788612073 0.8138566295874794 7.49591679397263 1.5476430659492113 -3.415944028727924 1.1515809819059375 -6.462420873675823 3.416598098163206 7.3652543727845154 -0.3934975835120458 -2.803798709492691 8.978546620530363 4.400575901076518
-3.9772327406265373 -4.65735421227005 1.8701051122804424 -4.764089470079456 1.5074791490996975 0.7539211747763552 -2.5687412721087366 -4.7368329245350775 8.156490498003537 -3.110225616197577 -6.063767957204367 9.805758138561028 0.8957638378646116 1.6366822719155327 2.1004494490776104 -7.496825968686789 7.31609157549231 3.203828615668538 -8.98379697766124 4.747413326043832 1.6967635731298447 -8.25017636033101 -6.5186344327536405 9.569436690203034 -3.135827310490167 1.803367427381124 -8.32140176560604 1.2751100074250865 6.431971128353613 -0.9374828812574498 -2.852830079261477 -1.0798422144767028 1.8446576940913029 2.871547224859017 8.50805007635694 5.356553243158444 1.6619030732059747 2.3593531155040526 3.5340423695843737 0.33445777410079147 2.8454071237858325 4.528928553894964 7.1717736792250815 1.3787267587592722 -1.2186564390772792 -0.15607698082776622 -2.2423527494101325 4.190607786798974
-3.41821199208735 8.625094422016028 1.8189066207631366 -3.947839997971383 -0.49556790404002626 -4.656027182415883 2.9461924366235004 -0.34377214717910887 -5.187888084572798 -0.2898287353752993 4.515331007064553 -7.873199382061447 -4.976951349609708 -5.851931188642259 1.736235334727958 -7.77835985495531 2.3204567642093243 -8.109522250995697 6.476874561491002 -8.934155553455138 9.641053181033445 3.3118619757919987 -8.070177940976645 2.978525957512248 7.115758281737163 0.5211840324598538 -8.253564270063304 -3.2486944402201567 -4.7671412689977455 8.871815789117324 -5.440162844869992 -1.2955003599299797 7.768873262367936 2.5969716310291635 -3.4516952565457726 -1.458563710952132 9.277542040722285 7.235972716836995 -8.261314025080493 4.1138629922986825 -8.260184044062601 -3.186309381711707 9.150615627654945 4.941325692078545 7.742488702801193 -2.242601137649536 4.055148661545072
-1.55153645116207 1.25241800117885 -5.293924537766133 -9.550503753744511 -2.1973549837086392 4.396339163508863 6.360425890826445 7.439013148043241 1.2780963737175988 4.018612075351613 -1.7688369180427665 -9.83087305076823 3.5151070132494433 8.648662656132537 4.760481813304596 7.722151690519512 -3.8247517857600477 -1.6570961660681816 -6.5232915939936476 4.552677965968293 -9.946993271987676 1.6868828972710337 -7.779462054109178 9.53447403585857 -8.68093709982823 4.0600068429785185 -4.103136304535299 2.857711334666704 -3.524371176816843 -4.315445681826391 -8.797587213375406 1.4008382289117094 7.171389397285828 4.49531492858021 -0.9835968745733537 -0.8295717759768295 -2.5979436799040556 -7.892468372500767 5.994352874283528 2.0251138285005665 5.839523640812487 9.425198036255686 7.75562331523989 4.416056944177738 5.422756745711643 1.7806294214129115
6.874392881855426 -2.9210220123510555 -6.791518189675987 7.9329388085013886 0.9063238594305734 2.5072594402974335 -2.4236093209774467 1.18547260976676 -9.250375828125144 -0.4840139686507383 1.0078485772661527 -6.1478259870711405 -8.377562642489892 -4.045254133488873 0.11550199022579255 -6.456547719437324 3.0671593225843496 9.067298710656683 -0.038004196855323524 5.5417257513396905 -8.476409593118445 -1.7071754521231441 -3.956399851483927 -1.621573178795248 -6.676699539789128 -2.712692094995295 -4.178156016154886 -0.5266088329344099 -7.926740117268681 9.606269416864773 -6.21610445330302 -9.288459405230649 2.2001639923613014 -6.592915842804934 9.408152910372781 -1.2830764848722054 -2.34889107702833 -1.6218455721371439 -0.27975165881675146 -8.18111209729283 7.125529868695715 3.8543926072793533 1.9225391971173678 2.8921600256943125 -3.50552385149677
-7.319162604829912 5.281786899290415 -6.624617593718696 -6.150522386360038 3.845416686385301 0.737170554860358 7.007762899193544 -6.711614051149835 -3.547694107492365 -1.8802807090484408 0.6868329816122221 -3.4106000457879193 -2.2038769720970253 6.421661086218553 7.662270356582619 -7.926034686663728 -4.450806721951053 6.338832026313462 -2.60330469011528 9.68534295511886 9.200898085128841 1.0244999173761449 -1.899052564808943 -4.972436152494359 -3.5819994280457745 6.599037988420209 8.659820656685431 8.766463304203436 9.266061119623824 -2.2960820461570286 -4.151150375989876 8.037336050676576 0.06721684795872651 -2.1105988250069974 -3.826569994075266 7.994174524874207 5.407433753285201 -5.877213636397338 9.794408705172803 -6.179522231957146 -6.059570773421443 -1.5206210194005387 4.627108506484523 3.8940973254130573
2.2147149775191877 0.6408157503650247 1.2590449067360554 1.0348250004722281 0.6149257903766414 -7.608711422541125 1.7819169151253167 0.9497632583768789 8.267470312579768 -7.964258114006649 -9.131286080869728 1.4608170726119196 -6.975372547686853 2.8515782928765065 -9.366074598071792 4.17986245416623 3.45784263827817 9.684017153234095 4.729339689863108 3.613161604827717 2.6434461819530086 -8.114693527038316 -3.8272437230280842 8.76824661828345 4.153426941249048 0.8909075044204218 -6.855861742291765 -4.71393745113944 -5.727782432811979 6.0898091825090646 6.8270550498724925 -7.116799896448276 6.493230947620976 5.365926143377891 -1.6533116962019534 -3.9378666805329177 -8.718759390308433 -2.230258699173562 -1.3693042243359788 -0.40261281438919827 2.1534089627939568 -7.91058630797772 -3.9154325819488545
-6.71835187544239 5.483880410499491 -2.84014193783356 2.8347991346990864 -7.74627104498864 9.55711136309652 9.291607060746141 -6.421542603761514 -4.980051258466933 -4.523970937708022 -1.5793232328869067 -8.572500038971157 1.7431350401709444 -1.742284367878133 5.1012604711224725 -0.023247260528920233 0.16766223667509017 0.6987473263167998 2.6831693795991773 2.5236974696437287 9.750349663108056 -7.165960428958032 3.6870670508211245 -3.488031937194014 -0.3588558689573862 -3.4696653984112147 -9.82532880358084 3.5097669185903824 -1.7187584805680411 -3.861348989846569 -1.6744195734532363 -8.711639539425972 6.845592728484808 -3.367943141450671 -2.5038282777395726 7.736265131568429 5.863188993107926 5.048250693496743 -3.072348480423206 2.4765461947927037 -6.494253959387244 -5.430249213553977
1.519304981025491 -5.138757463685353 -6.844042100962655 -4.2397729794763155 9.838509423098444 8.223959459530173 -5.794192637931664 3.3841853062929195 8.03518276557822 -6.188489691150297 8.801411674951037 0.8969223629382572 2.8434765517979743 -7.469095044188729 -3.2306630021503846 6.346663468688791 6.385583091739367 -6.4533401418711955 -4.662807706544861 3.27745380872017 -4.838487568179934 -8.943819836589661 -9.32193229209808 -2.0763548541246224 -5.155184747884764 4.335450194800439 -0.5660853302332014 8.11246824333663 0.8010728250191601 5.802052796414385 -9.476917818906587 -9.116355589727567 -8.717155396104816 -6.037477220945453 -2.2466775366640546 8.89132680721837 1.779084556802315 -9.368400631061203 3.07897951916148 -7.217969790566771 -9.876192047787812
-4.503066197723089 7.157204202555749 -3.8530163535055095 -0.49763015241029995 -4.983367860015715 1.5885024088859434 -3.6629957718112705 4.852027804261992 4.156415934884059 -7.378859917489935 7.602989482503364 4.887128411000199 -9.8363637798974 -9.591035945962371 -2.4125608589754677 -1.3209219755184542 1.2767604234897578 -0.44538993912613956 -4.923215557481015 5.459476271481543 2.3814144078321564 -7.8023177623369495 5.435444190361354 -6.757982216381997 7.969021531133301 -9.601082494457033 -1.6140718351973726 -1.7753951756547393 2.0462772524188666 -0.8484138778016415 -9.45528542383326 -5.473588016373134 -8.041704838751517 -6.557854135426138 0.6297728678950709 8.562828090716021 -5.174316613567842 5.692805822383664 8.624504874029999 3.0676482713644315
-6.454193070766734 1.8497881819467255 -4.6823706483638965 2.1582037854508607 3.8854158170906294 -5.726103822737565 1.2251879785461073 -5.089247584598686 1.4259621143928092 -3.9737669816873034 1.7215645421120085 -2.5579138525714007 9.86098576590585 1.12847416524684 1.5227600319653023 -3.028350679266101 -3.31048960534456 -0.537180202566796 5.377203174234435 -3.3570628049917284 -4.2139541180072815 7.378773510243248 -6.286742499702271 6.993099417443894 3.807472438311228 -9.117361968392682 -8.17505056455708 1.448385019729841 -5.205436910052983 5.5159965698513975 0.8351476552369674 1.9492766896698477 -8.989124927457228 -0.2735251252195403 2.5909903063541972 -2.463763964194312 6.807498337714417 -1.6488355167827495 1.7506278540837328
1.1706494415048385 -0.9302385771415467 -1.9102961130912233 -3.045678697679608 -6.2596664526934 1.889848473107567 9.5139136212109 -3.944311676380605 -4.654613577479509 -1.44045111183142 1.8166589410217293 -0.054737136888765026 -7.916814852799172 -0.5942935578128772 -0.6475425507775046 -5.393465800578214 -0.729323637035717 0.6786960568048928 -7.951994137663167 1.3718291099953261 5.349687981016982 -2.10296322026726 -1.9776486286297512 -6.128158146545126 6.6337782416022995 -5.227841774795969 -4.384579805298201 7.421221128513338 -3.1996504769475664 9.661641331850635 8.977898595186758 -4.207277621885885 1.2378639574344041 -0.49395112020311327 0.06164760049933715 -5.016865547763459 5.7619664782655855 1.4854412713160436
-3.6984380967801367 -0.8126089818805715 -6.004343088223587 1.258570233794729 0.5387115818901878 0.07579069135697614 8.001265215404175 -5.441161858723646 -1.0390878430210782 1.327271502475904 -0.6944893903820759 0.20180146910252494 7.334671490213753 -9.867863879337111 -7.09406563737655 -1.1053643692288784 -2.3030759946184465 -9.331261092397584 -4.764010657145262 -6.638063228861746 4.450159823614315 -1.2586274438826361 -5.839866165667013 -7.579992705490457 -8.569091763297056 6.597677219921874 -3.0364432311724943 -6.8298382837055716 0.18694759892929014 -1.3756734741956511 -2.173253793192229 -1.0007212590496772 -5.647625503457363 4.332987271414053 -1.6105976149653722 7.659202239583253 -2.296086847079948
3.8362681123412856 6.800476215485003 0.5620514382643149 8.518835301952281 0.09234526326429515 -8.578452950183031 9.274137681796331 7.60619931717226 0.928909249353389 7.7385753110577955 0.350540318397079 5.148558112197406 1.2923877115314997 -7.573124314585719 -3.7762567406655956 5.532868283681549 5.587332429577279 5.409179694576709 3.570053540266973 3.930554194532372 -4.589513254070312 -7.792392704291755 7.734588667022755 -5.492105379299539 0.902654806547929 -2.43068351902326 2.3852543748354504 5.9367451370229425 6.897318765688678 9.528490268526586 -5.44558371247863 -2.975483763620985 4.909755918265317 -6.00039459573567 -3.6335939768114156 -4.383895127624111
-1.2329126923681821 2.7694148293053322 7.826095476907964 3.311672676758115 -1.817815721551057 2.0203927555816437 -9.818124459720888 -4.110596750231503 2.6835053628069416 -6.2864750483633625 4.972693677668789 -6.4565724354476295 9.747077247558684 -1.6928136016186768 -9.992234635967474 -8.398442057168452 -2.401245811960482 5.3021336084380515 -5.110810230523448 7.221149773141031 8.635302576983356 3.817777004547429 8.077230455484251 -4.31660152981374 0.5359328482933834 -4.357196766726812 6.23742013342409 4.1184238922716006 -5.5683928854815035 -4.591849928202629 -5.028082023277891 4.637339953432036 -3.975278291178621 6.295170644567216 0.5788641376897163
0.0627207764810489 -3.0166333893001562 -8.579827449399225 4.031675814078708 -5.495240468534995 6.0140911558815695 -6.920383031332427 9.535220539230968 -3.776029223277948 -7.693036753836948 0.4605077175127481 3.3047774792678086 -8.421396949200288 2.855363365504433 -8.808018128230392 1.9308890731817607 -6.863024845202521 8.461045649742637 3.821867436064501 -1.1756502409983027 -3.4943702932025245 -1.249087075916142 -1.6563146080267255 2.9212114378445864 3.2591875474816256 -5.222072200301415 0.821898954201592 -5.730905870680941 2.8026217778137297 4.3096371041811254 -0.9720722313547325 -9.693513556081253 7.778564210801406 -2.5043888289418392
-0.461333299817166 6.624353656309974 4.330149573405091 -5.351769212684651 4.673161071052558 1.7298359180968714 -4.970371014062131 -0.03737551631691538 0.5730529960551323 -1.2922091561575955 -6.541476352952744 5.162528540294884 -8.73307585456783 3.2129988674542598 -8.3639007010178 -2.9506551442533024 -5.025662124468355 -5.048279408123095 9.245277239208566 5.886077445024906 -8.385597101610607 -5.7613413514309775 -2.0055912695855094 9.769239640466072 -5.180587797346632 -0.6370172494079496 -4.208597738565018 -7.120811955078857 9.795130028628854 -0.4417348669821686 -2.8522824004697256 1.1584397484079934 -1.9730090316534188
-6.382981942555876 -0.6272374017958859 7.469050096512575 -8.746395013988739 9.203744835708296 9.413907606077757 -1.6962712775346223 -6.982323273996949 -0.2118262074535293 6.608577339317565 -2.404801797158227 8.356322274215964 -0.08472517376484356 -5.703503304252234 -0.09821820474803955 -1.712601471866042 9.974331785524518 -2.7108196879613544 3.438604434872603 9.155526866098258 2.893166451601439 -5.925420898862881 -1.1348164784789794 3.470919965887851 0.9108648993040536 -7.357587902486607 2.451933392695944 -1.6045082506345643 -5.850550859565946 -2.041578146106382 0.6260435648938367 -2.931739570824883
-9.406317975278695 -1.5296240975488962 6.2670426522910265 2.0717886189572265 -9.40713587659661 5.983858396372595 -6.788686221523584 3.5225549897341635 3.783346129448373 9.644096004202314 1.1414282200403592 -4.003956263358304 -0.6260852540254258 6.25650904440689 8.999308212847765 -5.5547145025462115 -6.584775373119052 5.514108795672541 2.8872326736418996 1.1319561749679141 -4.75678119507829 9.559472798731347 6.403715914893054 9.977600463706786 4.877358712348068 2.289213167053783 4.334228020784618 6.845697370018891 6.268161977518954 3.0718899794618837 7.098387128203476
-5.593725316892368 6.706950677355055 -8.709068516815229 0.06141433353479053 9.232369252176237 9.463564104238644 6.682069452838979 0.7945348584161827 9.876291257690035 -0.8888079051272313 -7.34481179869908 2.942409312910741 2.9352536028856235 -4.447360635363744 -4.100055097380522 -0.37928170373781933 5.604660992798644 9.71065797887883 4.990256544733198 4.149631836588334 1.024870885526279 -9.317148821364569 -6.855540979312882 -2.6624427777723048 -2.1614613508496183 -0.7413079381407606 -6.32031442954923 -4.716333688511729 -9.283381812873587 6.036322210084406
4.169601157892129 -1.3733812594310613 -8.651386819656581 2.763313150652693 5.414680299138173 -9.280247386707629 -0.7159914715739801 0.021223143432709257 8.208076843148714 -8.482069532114927 -7.12770049136187 -4.8491393766875905 -2.6222206424249617 -3.39921211184278 -8.850170017883109 7.397811151972286 0.2279074895904687 3.2842012162167533 -0.29796601631097985 -1.6753798075931536 3.335723562971138 -6.533901941181215 -6.275924966118735 -3.621923077203364 0.08656959931368169 0.3103254741852335 -2.677914702834645 6.020421040097464 -0.21354377952478076
-9.61747581738022 1.4536808800105971 3.2578981104132088 -7.408180874768979 -4.157621199460177 -5.959921253669096 -3.4996613014918143 6.664022842930337 -3.967662487623067 -7.972141798582671 8.87201684128623 9.063783265704334 2.487368519713291 3.3127176789640234 -7.618368929962944 -8.335293556373438 -0.4715696391022184 0.6716396292538507 3.1725866827143423 0.5280007806745224 -0.10485130633590467 -3.9347850307271037 -1.4918319216430476 2.4575286586698764 -6.081700248562276 8.859040208629063 -1.1507974018042577 4.403201442495472
7.802659578311344 -7.415071384003564 2.6413069485498486 3.518952203364223 3.936115679161021 -3.486420067136353 -8.781776197634017 7.334110662172392 -9.515530153597513 4.4254621758776675 1.77163656871689 5.943313642871821 -2.1730796926173035 -3.345702532532775 -1.339236926218914 -2.664580577397846 3.9207668684063335 -0.271262615465826 3.608642328744851 5.54283074359367 3.961505308781468 4.208130237885365 3.3814979509659326 3.4696648795120466 3.4482144111809276 9.678575658887574 7.692777337503038
3.071291963194571 4.794596583501587 6.802076705216578 -5.214607006988934 2.674770748070503 1.035985939990156 7.2304245697175995 -0.7785687120929663 -7.365899162311303 8.40320235870902 7.395210802169334 -5.670659225396973 -3.625796464873976 2.9939353067996977 7.3788764160714955 1.387222613971344 8.019025403742212 -3.4910838286075596 7.478626298998909 2.605690362467612 -4.381919246927555 -4.23743153361706 3.403281773210003 5.890385343437758 2.8431733346754817 -9.15279376889707
6.064863292137394 -3.010042538443425 0.16536186372194006 -6.404481764431765 -3.400475837934267 -9.15610287868774 -9.468997191219062 -9.824962696118698 1.2787215032738386 6.303859921540321 3.9532515221475206 3.61269270952971 -8.729774471674128 4.225566588259706 -0.885482114744045 -2.396274991506635 -7.286263931403165 -2.5312161329070193 0.7969065812504472 7.893528422293583 6.016966877705712 7.791821867681041 -3.931700753238234 1.8421496017198202 -0.3319507601716154
-0.5681435734368256 -8.073263846945318 3.0379392094436897 3.9147154529290473 2.6792045052170543 1.0019026412046839 -9.684672172116697 -5.396248668104788 2.280538562498673 1.835283373475849 8.336855420758479 1.634117900279357 -5.505884132301951 -7.137760134071518 8.28443326779041 6.516771362687801 -4.422130733357516 1.666204769905375 -9.021046838874355 0.4395052916580622 -1.37685422339767 3.6345405204191095 7.742563594912843 0.2545833141669296
9.973915519111191 6.406506812646717 3.351145843122123 -2.5043292821033947 5.612676785127945 -8.588795553002807 -9.512722820828362 3.5968418221307297 -3.786365617731089 9.202791601447931 -3.0563109348940376 -3.3358452685580886 -8.414822441831811 5.587467404459304 -0.04691183041471536 1.5480719720263392 -5.273354442577536 -2.0031776813069824 0.6266071905908532 -8.206061010096343 -3.5037349793747485 -6.0947451527557694 -5.319410144801136
-0.047263974595235236 7.933282374477793 9.8737885997278 7.6442462084878855 4.233824684362513 5.059761787663215 1.2583512040791889 -9.773666199113595 3.452734337168135 -6.442878257897819 -8.49096822868522 4.110953445272838 2.3869704384553803 -0.37432688965887584 -2.5344594202258874 3.8559275595500853 2.0091457891975106 5.240238843422327 -5.722574711548896 -8.983719979881446 4.607278128792391 -3.784382712147607
7.271903829514468 0.9845010785813857 -1.9598719053026636 -4.449307182144109 9.125265626550975 6.313118571669811 -3.716845536291853 1.500750735339682 4.013576326649173 8.744155061893586 -7.283819121586266 8.702678562893073 -8.192874395868493 8.160488168010557 -2.5303973794654677 6.625835103726001 -9.27171654946017 -8.317451853162378 -5.532692154859067 6.89856178265237 -6.166248797138449
-1.4801515855550806 9.003376160439757 0.8717301527606813 -1.1458377067460113 -1.0436961092666253 -9.9002444964405 -4.04983944253946 -3.371465986023916 8.10465807183029 -4.289822058173975 2.6360884706358623 7.403823584879707 0.342905943233891 5.46902194633531 -6.938201962344072 -9.362048470645208 -7.801418313720636 -8.031784123777841 -4.441930175284405 5.523346596672334
-6.25372584553274 2.649557998764709 -2.357563932762674 2.0156474404103952 9.30967100551214 2.0778795433383546 -5.931750097745332 9.771011040993066 -5.688420682706024 4.312911705814111 -6.157720922471849 4.209811096425485 6.813908663349075 -1.8597392155795345 7.659293524487318 -0.19061835746323252 -6.198482594751853 2.056450108592569 5.568054301812921
8.65546685716992 0.1834117578998007 9.891664164404787 -7.905381489100631 6.342526462052134 7.235039394525358 5.091215830595141 7.112746416335125 1.7414901783226555 -4.292296748760092 8.980964651973322 -6.496392922689638 1.187967640704095 -3.4927449456223525 -8.307351910186204 4.987506380524072 3.5143166935309322 -7.2021667621588215
-1.1735870412347404 0.9384980607017579 -4.7169943534070775 -0.3451788251275323 -3.465483236041873 -8.575901323656641 7.4368591421956705 -3.324819682892175 -6.335992636443944 5.801347872413174 -3.2745710898922 0.9786211451667137 -3.0125003944246087 3.1649727310758147 -8.520637283517932 -8.037264613179705 -8.790235435722032
8.882187512965377 7.041589481057404 5.192638020273512 2.5748656108611234 -7.895637560413236 7.2495079682310966 -5.507626364399638 5.410162008307557 -4.335571967407432 3.4686047480846627 -2.4436264141882225 -2.62424643510641 6.031643329633008 3.6756895745258933 5.568984706544113 5.253383097122004
-5.461394245809115 0.9397536612922597 -6.707416144320462 5.57552039265512 0.109648273663141 -6.590919504977815 -5.327040641963318 7.499734106817463 4.517833161618714 6.006187897022659 -6.43851369920351 -5.3184658734524675 2.4759256362612936 -2.26207861338777 4.9495508953635925
-0.48139475638174334 -6.821785493021251 0.7608297878400294 8.281115660244511 -3.393156555101884 5.021022490368385 5.275666420349832 -3.4090212330639202 -0.08560266757529966 -0.1568992690275417 3.152825502878178 -3.3721252179469596 8.97734192993507 2.8254331439848146
1.7850613713783825 3.8745986846301417 5.660381490045352 -2.0585559206742166 -7.323574413561225 3.9986395044078704 -7.59073525200844 -6.655156975565351 -2.549969375575678 -7.041249754749266 3.2493801930212474 9.145476431732124 -4.535384006444934
2.59928768865455 -6.133234719950491 -4.335095308659103 0.8607759675827209 9.9881901336359 -5.562557634476626 9.765303890235447 -2.264247221629452 -6.303402451571025 5.778264471359487 0.9819834973796571 2.469443266354212
7.920595865557461 2.6321107198154015 -1.108663882413583 6.633890454367444 0.9948409646183731 8.977167743989122 -7.8079482717371596 6.535143878422325 -1.5005506233758514 -2.7000719204555046 3.4285613389033576
-0.7947504092784619 -9.956346479981375 -0.4687525868310649 -8.361206481630148 -4.705617530043109 4.325348058092981 -3.012125771412737 9.652067148002226 -2.0592067535980196 1.4327087226388113
-8.613201918751376 -3.0764068496369013 3.4342682365520782 -7.556091913003497 4.315644535350655 -4.757101838643125 -4.896576382591857 5.413401637347257 6.71622721312807
-2.4808976252732284 2.062471592967652 -9.772576562405353 7.41634222529064 -7.684838276152634 -4.74867682318645 -3.0350039141085627 -1.9622615838080892
7.730257691478906 -1.8606719835906604 -5.064238446972727 8.825033069245825 7.470281539824731 5.545948498798181 -1.7448573319901284
6.708734908560587 -9.309644990558052 -8.858857053080879 4.659260924362176 -5.22057105365735 -3.3618250448492715
8.823401634490695 0.48230443467427 -3.80847961337925 9.205351266733746 -7.903474931136756
5.824660528734526 7.7996581285498 8.99448170094357 -4.869229058978368
6.917503892413588 7.621112980763954 -9.838074975553969
9.729948620681059 -0.04328443273099003
8.739580148367514
