50
3 2 4 4 3 2 3 2 3 4 3 4 4 4 2 3 4 2 2 2 2 3 3 3 4 3 3 3 2 3 2 4 2 2 2 2 4 3 3 4 4 3 4 3 4 3 2 4 3 3
1 12 16
2 41
3 19 36 37
4 5 7 28
5 40 44
6 35
7 9 45
8 24
9 17 32
10 25 38 40
1 11 38
4 12 31 39
13 28 46 47
3 14 36 48
15 32
16 19 30
6 17 31 46
11 18
14 19
20 47
3 21
22 24 46
23 27 41
21 24 46
17 25 28 50
26 45 47
3 4 27
1 28 49
29 34
4 27 30
14 31
4 20 32 38
24 33
13 34
32 35
8 36
1 32 37 50
4 13 38
21 30 39
12 15 27 40
3 19 35 41
19 29 42
6 17 25 43
13 28 44
17 34 45 46
1 22 46
47 50
2 34 40 48
18 36 49
23 46 50
6.462206814195839 -9.477640368602653 -5.784587201374121 2.368435386992205 -8.034310693262016 2.4026261975371765 -8.922195608031124 9.21308115608477 9.60858748430147 0.4225530054244775 2.7310668967109564 5.295138965384998 5.299105892336384 -1.6462884088055452 5.376106126474854 -1.5359649917593665 8.52207143053663 3.6385296974479675 -2.6308881735062317 7.178197107056401 -2.390086400332203 -8.100914722327845 -3.502185727263536 -1.6977562771501753 4.8454789770076045 3.158177351732514 -5.973663373144065 6.16975826486692 5.728048768195356 -2.101207241917742 0.21232469978116786 5.92319083004049 -1.0924500821794503 4.861338210204302 -8.425018533564481 -0.24709483966640855 -1.3122271025404042 -5.078841086541674 7.232814365463414 -9.599548817640297 -0.9834658033709998 -9.051542513094837 -0.04545007644300991 7.175480082560091 -3.3036868716963075 8.031800623008731 -7.542248920594412 -6.8513250613347365 5.747705832735857 3.2987811565818914
4.404083447968807 0.7851064675647779 -0.5610509149026699 8.013750074605365 -2.5097497846828087 0.5557288981954356 3.8898684892999036 -1.4886347445708603 2.771533588770354 1.886493692166129 -0.9143804195438543 8.315528333934576 4.881348058748431 8.589716036800116 7.823559785127864 -3.593335876187229 3.8005269716018586 -8.82263843284555 -5.964322731331189 4.46123533308967 5.040198473473907 -4.0923774511758 9.1689384096121 -9.912734529460657 -3.0051571953193013 -6.050352600293863 -1.2482297755699578 8.592313353474436 -4.395090376950019 -1.4423220155822092 -0.696700764723226 7.10247629208869 9.6877368388324 -0.44544870054590513 0.7340872673853394 5.644091647141661 6.29650533626394 -7.086897302580488 -3.1354067499219163 3.912398061200195 -6.235612419619903 -0.8915061686515657 9.408461583034025 9.886915789819643 5.010167572662761 0.2457778758307727 0.2954467668053051 -8.616557347637057 9.423647286253882
9.09640815194004 5.600326119261451 6.969892690808979 -2.012685919775161 5.938477138555191 -9.646585721155535 -6.651124897668803 -5.988549395868626 -5.184830383632044 -8.458600300923258 4.636682425919581 -7.936881227213879 -1.706674944268558 -5.5762887922307325 8.798448303733208 0.11720898246371458 2.1761100629138053 1.672582535694196 -0.12383722540216358 -6.6637233955670645 5.976412648942713 6.149600374509174 3.1145832974756815 -7.431059892089634 1.5090561913637357 -4.363864761233838 -4.794014251875776 2.2377221848792805 2.4895554011901955 -2.4643674986416997 -1.6522835993788831 -2.4542281473425276 -6.432165178883762 -9.291554769481689 -1.0275820733285856 6.506222770925958 -3.0523545661929696 -7.2023441526214915 -3.1508884566447426 9.332171273854435 -5.314224283740828 -2.0077237552810767 9.130812474097365 3.358764037946189 -1.8299765013996105 3.8494161212810574 4.157036334552291 -5.841435977494602
-4.72476076176346 6.381750605506939 -6.289559382613589 5.0253599387660834 -7.919559436843491 5.60005168676396 -2.951452302133526 7.491087815670728 1.730818875329192 -8.517627193053666 -0.36422155138449375 0.39368507381084106 -5.609610740344609 -8.734602449271645 -1.1533445119642427 -6.875712169406471 4.490993932506666 9.899039947610234 1.201175295950725 8.568315860001643 2.4517010914806936 -1.9866404738233823 -2.3218007451317613 7.71012370993633 -4.187386314040382 -9.657628389670041 2.641482656768004 6.605759356921959 8.278432538615464 -9.639082002050802 6.727288188798881 -1.845378913831075 -0.040514029083100755 -0.41982567286820593 -9.162750312971088 6.668126868583375 -9.505872781665389 2.839336654955351 -8.98199314107741 -0.8643614246811349 0.8661745576649049 -8.272189970927029 8.163773638363372 -4.0786390957375 -4.87728279901571 -7.23963623779174 7.745490895533386
-5.9392185609157515 -9.346017813795928 0.6782447888689025 -9.517027693402106 -5.608242934010015 7.3960989143492695 -6.511964684241343 5.55419113669439 1.1641803823870767 -1.181408519833702 0.9081388585526295 3.927937450155017 -7.797428661015138 2.792512842509771 -1.8666288090515581 -7.011901029986896 5.813710687772165 -8.806374454014152 -7.637716533764872 1.2696792878230978 2.3985312128273484 -9.499950082315591 -4.436039386441526 9.984670364402204 7.863014418988888 -9.84252178580836 6.2257605038180985 0.26012808329749504 8.771931665570715 6.081715485253922 6.571401442193146 -1.258505677528774 3.042809373748341 2.1441700548590092 -3.0572124506915554 8.363368393709967 -0.7975565533358631 -0.9352736488751101 7.895644513155178 -4.0147625016548165 8.995207709111753 9.395229481104849 -6.43687591930852 4.011911878321619 2.6815429831100457 -2.094707382622434
-6.374580408030397 8.404822201535517 -7.110008648862585 -2.6485117907475653 8.230973317333895 -7.875220572644546 1.328773398577907 -3.6823955929419627 8.259702876728344 7.082643172340958 4.086902656268682 4.360235483166084 -1.617348604722244 2.5084891964494216 3.285325464721802 2.817176588593524 6.708870543877006 5.267082286157496 7.489399873677726 2.1775843061011946 -6.926177418124699 -3.8492261632629265 -9.07825067952196 -9.623266163090546 -5.314335948803683 3.3387341393794734 1.9212428287844263 -8.448956033216277 -5.582611402918436 -1.0515426741729783 -1.5882363637116104 -8.557391619512462 -4.2588865040446695 -3.1265854027087436 -3.95986744486035 -2.070447947887637 -5.852974111490599 4.80078370088769 -4.075964196538999 3.574577184907013 -4.780298291855356 -1.8153677361043674 -5.687228769000498 -8.559322994304644 2.0532914980913386
3.1778355639618483 2.995014006025747 3.057467773070204 -6.959599561708735 -4.250573009003857 -3.4044883733593556 0.9257754901312754 7.2390200305304075 0.30585131017965894 -7.2531478833941225 3.246453794283015 3.766568671925048 -7.570484541789588 -9.941011348009495 4.142972194827566 9.390384531974647 8.958738099830077 -4.180569134100449 0.34438103950102494 -5.725099742705688 4.180183376030035 -9.413813487890497 9.38398292612958 -1.9364082315973996 1.2226060198068023 -3.9656981016213377 6.970344684334062 -9.945076740463145 -2.4513962645261844 5.110156009669444 2.53238237814025 6.724327887638529 7.400626169947184 5.223554178714487 -2.5370629718722504 4.995305361178843 -2.734188940396296 2.177977053276563 8.922854203215875 6.529287326865385 9.781171500442028 0.06415435467477693 -5.902872121180447 6.551658086275866
-1.683374145369394 3.3494374423205797 -8.169273136862508 6.368185464567697 2.7745296356333315 3.1313574298636615 5.790053097456025 0.07946073066164683 -4.397760301476559 7.117645205966681 4.822287883328209 -8.364041056496088 -6.808147965520757 0.626922864400139 8.626426345091184 4.0943733404990095 -4.389157081605857 -8.85080444245772 -1.9581314897643831 0.40555307711563016 -9.723072465512946 -2.202484974462986 7.239236730583254 -5.953776776618842 8.136795951498403 8.527911284517579 -0.7260828342634906 6.977248686476802 9.701868544749505 -5.714619439349673 2.674685949621818 2.1883585300405883 4.832775839140551 -1.7223601138279387 5.409287712168888 -8.047476151229462 4.9900642058386735 -9.286587229454394 0.45054998830118764 1.7917584336850267 -8.531906537483561 -0.9446593012158133 4.604068841308808
3.9210518551279128 6.0039925480213245 -9.557394625080333 2.531603361969017 -3.915887478798523 9.91675186048889 -5.436543261039731 -9.580810100348636 8.176632465580427 5.898740475438227 3.251656230337032 6.349799434356123 -2.4771694152568835 3.4756997158517566 -7.997980804336513 0.30478484536320183 -4.884912755561881 -5.791757328073928 -4.375007771076456 -2.687305161538096 -3.145594416156645 -9.968995312806035 -5.524268212829215 3.097794447267219 -1.7885259005906717 4.220090461884947 9.161403589978374 -7.602126749294329 3.3652796247747374 -3.1815084307569075 6.477121809094381 8.974916381468232 -5.774813119645589 3.133849654498393 3.484623644671656 -1.8944287761319223 -1.9014819309039432 -6.835332760309132 6.575560998454069 -1.4119794819279785 1.0354919020356568 6.844948601809106
-0.32620020281536544 -7.896074797774675 -5.2203393484128195 5.891453285236661 -0.18978494625508047 6.37852929660087 3.0422865406412347 6.676357411022982 6.70232768978495 7.178174208953743 2.9381922873098 -9.356413443320193 1.2598577813757794 1.80036625886552 -8.238114086500934 -3.3461647166035657 3.0236141815699713 -3.588121167411964 0.4944037998383721 -2.8372296680981735 9.397391481422837 5.833101570510387 0.08539828567411867 -9.363451095314904 6.861730559940686 -0.9258240679702201 8.15924684218404 1.7313391340728401 -3.3440944239124826 6.962414547868272 -1.078806599848261 5.574032386200836 5.044525480179757 3.546253165515678 4.233009895380264 7.381163497807797 6.947818926453229 4.2674716676116065 8.42388060283341 -6.47732466545889 4.59535523301404
-8.497698585657904 -2.5275442152873406 4.366688487222272 5.8016857043751795 -3.1822559752131374 7.137770901737726 -8.643570293586755 4.212095910036188 -2.324834687442572 8.722691629479776 4.554070149338704 6.923008318204317 0.2660183547341255 -3.886887892453277 -4.995640650218835 8.694787595830949 2.645687138350974 6.065550028663393 -6.570425596582183 5.343779237030358 3.6054824380994654 -3.684086018116861 -4.589408330357367 7.841621657718372 -8.636754920438738 7.637044727399354 -3.845891405439046 9.121308533863907 9.931554105994413 8.27814112649641 -0.42840700019730393 -3.326018164669813 2.561461430684171 -7.943866119237468 5.673996047776768 0.4576326257032637 -2.3143116850736134 -9.65135474412705 4.758855507705981 6.405629721101702
-8.592540867215082 -1.001175020129128 5.8659639988153245 5.895886657634377 -3.3222656194142575 9.163149462193381 2.784621172094741 -8.146620625547529 -9.110260537239046 4.8702946969479015 -9.479260350239421 4.9718054683540664 0.8688957315230872 2.396580349159636 -2.4271224357134247 4.630719615851575 0.7720903638629295 5.918789403063743 8.304583881531315 8.255136234451337 2.6070005550943476 -1.3135537868869318 8.398147724339962 8.12868868653121 3.1272097592682813 0.8789812801002372 9.316139352773614 -0.10478230301336655 -3.6021941184213424 -8.095089287619155 2.648952342128812 7.714546468611623 -8.866457311943176 1.300490199901747 -4.156422084252909 9.826913464207703 0.48325607904695644 -2.603957892044322 8.424123469791045
2.683219526231617 -9.398505691288946 -7.043650511122377 -9.762502819300401 -4.127441383041122 -8.512705613631224 3.4595034574737182 -9.136021218432413 -1.5797955809873865 1.5666024730870443 -8.010129234566286 6.3996616846769765 4.38599792899941 -1.0473904275834478 5.539383341861712 5.507871259722252 -1.6941722750659793 -6.3236857543326614 -6.032668457865887 6.158971994819719 2.914868696988997 -3.8653698956896188 0.7481295338523708 4.149911627190992 0.7482025876401099 0.1550204996110094 9.26129826148963 -8.809689657360222 -4.6683415117601985 5.736342517693826 3.7136918950703213 7.017432879976974 8.498342164294375 4.7718575951344055 -9.567548612221241 8.37068368011801 6.345044562662885 -9.51125659686754
-5.40769115695632 0.3535416532045965 0.9720396027445721 7.489923537503998 6.952846482063997 -1.4846078342637892 -2.1709144290764804 -6.7711325185086535 0.3979044053024361 5.963677980623001 7.051630658766685 1.3770945465620166 -6.988763815056105 5.925728708887603 -1.8751773481871714 4.7187250500907085 4.5681301733316015 -6.111337288617367 -8.501213527417137 0.28590698037314066 4.937282769110086 -9.128901870407233 -3.320188224525138 -5.714250015489939 9.093788171563757 -1.2488667428197453 5.881366531192292 7.8803307744773115 -7.674593313811943 9.95863296696594 0.8932613854780946 6.350094591292493 -6.704098471497042 4.7278115169347235 2.6381501430094922 -7.536352046820922 -9.432829724425432
3.6769754281506706 6.19169278203173 -0.7346431228664807 2.0529094959521577 -8.665823581635504 -4.1120816014989074 -9.58708157780779 -7.451425982197928 1.3565179636707492 0.824947845941828 -5.736079515652024 5.2607266223352855 3.449833236217248 3.6592488314322047 -7.109184416114709 2.4868067618895884 2.1334282037935637 -3.059015410602608 3.3852458811436303 9.047652481911905 3.7466806722817414 6.607830757962949 -8.792858706986735 1.3412566612506427 -2.8768012490470896 -3.4172769117935764 2.9104648637183295 -8.19033097907993 1.8924311021032025 4.360345366084175 7.7175998607150165 -2.4375888242776567 -3.7630276143078767 0.6251402446189069 1.0349623316691714 6.395408888023186
4.42251234325739 -6.725705426371043 -5.312989084621689 -4.249263205698406 -7.285201908665842 -5.930376391789616 6.648374985114318 6.114420238354019 -8.552146430871897 -5.111518793881111 -0.2592173628332861 8.37335841810329 -1.8764994257305645 -7.920176171587521 5.274972458857916 -8.486235812816076 -6.027555107001468 9.283954949394778 4.348385526641567 -3.135919500701363 2.4780298033730763 -1.8661702258802992 -1.011242057047299 4.2534297675692345 0.008397153809427405 -3.53654999360528 9.463741967704829 6.959496017110931 -3.4630435511548185 9.730070407904092 -5.279950548461761 2.171419784262183 0.3805090991750748 1.9772291441106837 0.06777521379543128
-1.2973006467358061 4.3041148443686765 -5.4750566404877805 6.6219028822523684 9.375464473222747 -1.6647010761982295 -8.225986446545154 8.866129090079614 -4.515696682485109 5.947830618097152 -8.343642079371108 -1.6523048091084291 1.4492743477493142 -7.098665469862581 7.23188795673916 -6.559581924439484 6.199138121309192 1.4638290572253565 -4.2134565519999505 5.710425433094317 -1.8265159269406261 1.8378414978295465 -3.930087066795458 -2.9809683979056367 8.318492064056835 -1.8669892846171932 9.70616564848498 -2.871261916465271 2.4513440957524213 -1.270641229927847 -0.23103246112181397 -6.187801365454333 -5.964978546287229 4.020893686512439
-8.420356809043755 7.055445324794065 -0.3132871393831449 -9.561412031251994 -5.040286041355966 6.97289831062996 -8.175914992756043 5.616593266596754 4.372348240347501 -8.416804267161355 5.75192776294517 9.107466565378928 -5.9223028829136375 2.570684611176912 -3.683181553570274 2.049330835424048 3.396927832560135 -4.22014887559542 -0.4156976982635263 -0.6293571092183936 5.193496531053931 4.085510339743992 -3.905293763652107 -6.277893050686048 5.613252605464433 -7.622841026201083 9.449806354781973 9.66695627608884 -0.19400731475475386 2.9455737370754265 6.51281519850156 -2.678828269554674 5.3702857385753155
-3.866191567516928 9.619551160302805 7.3168119755907295 -5.0333021019844 3.229627258481811 5.279989156556757 -7.29107408488936 5.946818614407703 -6.960285815240521 -1.484872809808222 -5.958247676304509 -7.251223574126442 -2.618307101679749 -4.8299897558799465 8.376431482426252 5.159386046292809 -5.2096512491028 -3.5295551007773573 -1.5358439023359716 -5.782259264428101 -2.785408436850181 3.2764785839689847 -2.1455476123458195 -9.527239019241138 8.181596776452082 -9.806179019697298 -3.584174283549244 5.754566956819184 -9.468837783582932 -1.1870865036589073 5.865576985543745 -5.270861142741796
2.5590113361020084 8.847387787774872 -1.9495299195151494 3.181459529828985 -8.405059080910618 -8.98531941122808 -9.535091590465681 1.0529192340285798 9.166304724470656 -9.19076352041631 -8.602786413310277 1.0378189104594204 -1.0338779264502218 3.779227526937763 6.729656144393974 -0.6167906692719383 -1.5452709723292757 8.2986081446517 -9.43825912352861 -9.533486895879811 8.893834704403563 -5.345419612139772 4.708224674767505 9.021725499205612 -3.9898914674038433 -6.790789784530926 9.091682922588353 -0.1860698950076456 -7.282098814697058 9.065299748928803 -1.3229263015243165
-2.826909803974842 -1.446893706338388 4.434484100902585 9.729324730382531 -6.01717748350457 -2.778873250309184 -6.833402032830969 1.7961162085784 -5.404559090201233 9.995487831518705 8.605706034240901 9.602420181235987 3.1286641309098684 -6.650142838355466 -7.8857343549579735 -9.313244358243642 5.479181982696415 -8.846801327963439 2.655305719759402 -1.8623397923177687 -9.177966171119465 -1.0753437369861185 4.907787122747791 -3.771874928290506 -8.626659778248449 -2.71799281795579 -7.998551783416863 -3.652361825035635 5.733002901835991 -0.42597257738076655
6.7802461937696545 -8.72460916957812 6.55607785307099 -0.9506952216072784 -7.208111424254988 3.9883488047068294 4.316353784851739 -6.275803401238804 2.8232411313911387 5.722810534043868 5.06001950870685 9.346641364414749 -4.160650629261566 1.8723909959569585 7.462182579988537 9.13720583837718 6.662151617118561 9.102501752448331 -0.36945915830630893 -0.30920194213000185 8.140563783339429 7.839534933345296 -4.1289602301502875 -1.9242696020432226 -5.931518276067154 7.841128764080376 -4.540509804305786 -5.241380034583088 -0.5181772250401795
3.682066038727587 -2.6513398195042637 -8.729671168360316 -3.8323960587852435 -3.202492297979771 6.609163035670342 -1.6967685959464052 9.239996019645861 -2.42857591149376 -7.284456562629149 -8.265230327666035 6.632900616026662 -0.9828128696549987 -3.0852886591437367 -9.919315186778828 2.053941988963488 5.478602023307957 -5.605727556141846 -2.9863846617700163 9.308813981937265 7.703282150988229 2.6589545464608944 0.3068964527530582 -0.1451239178036956 0.979289497284952 3.572839705684563 9.56518642832937 -0.2296151364146981
-4.885881072460987 -5.914591458796599 -8.081368967391127 -3.2156237513984243 -7.712590737813818 -8.228156629218004 -7.555149962683525 6.828254005486243 7.263412298849254 -3.0158912584045328 -9.215306570543175 3.8578729010797375 0.1316517532239625 3.537940874761798 -3.58327653005571 1.8480067064205707 -9.893788547246379 -5.506956125253488 -2.178157508496079 8.323900329189609 1.0693563821852559 5.628633415142024 -1.579042753415727 -8.453121721406989 3.753397970515502 8.172104992527004 9.39873033357615
1.9500107603722405 -2.1636618422839393 6.011390742586935 5.08759052483269 8.490680349716603 -3.037931092749111 6.116123876949258 -4.335236274607879 -2.2850887286399324 -0.9934729814793619 -4.392857962445056 -8.632948548606933 -9.785577222780626 -3.125270034494565 -5.784349036571541 8.277621709886931 2.471428930515158 8.85480435335473 9.681837591023703 -9.63178127104674 6.452909323432355 2.3914733190017534 -1.9303315790957098 -6.870961740775458 3.8623937865232993 4.994056356713104
-4.553890947936832 2.5235626618868734 5.964254040437922 -0.9176491112449292 8.423684616744955 -9.672247164856635 9.64082143000989 -2.471981674146717 -5.702130675107357 -2.3576948296445077 -8.022720619917951 -8.064198012847182 -6.451529412806966 0.7151029757495109 -0.49255263977854513 1.269012136836114 7.707627248415969 1.9840031018815196 8.099523124621918 1.3564548887934946 8.998322518466233 6.914398076210482 6.910136594196299 -9.918346582335216 -3.715608062294946
9.05308977039202 -3.057886526728253 -6.286099176491371 -4.062018094664845 7.308243746288698 -6.966316408193207 2.948934024478631 -6.590322819065846 -9.105488639830629 3.979237918889864 4.544936368204555 9.004342970003812 -7.001171659998244 -3.4670944483784116 -0.8379010036355017 -2.765495891245544 9.215612737373725 -0.9657647715568118 0.9742370708672166 5.083774845624395 -5.987843037088076 -3.4234304601757892 -0.2932346130651653 6.577542510435275
-1.4633642375919576 8.201768737258208 -2.6099875425957775 -9.190778087543434 -4.88383304631707 0.8390516393634218 6.829774893556624 -2.5708834844048956 0.6918219118025526 -8.961550037469419 5.8754993715710535 6.16952940549937 -1.4069515463896742 -0.8591880326455237 -2.8952082248171296 0.8223682240364028 9.625587791099031 0.3136870481125009 6.073069205084806 -5.28280173429696 -1.348745004057177 7.663155539660762 8.017508501730484
2.323416492024215 -7.094238646200863 -6.894821596202803 0.601460362397066 -2.1479397059429006 6.385228879628702 -5.498228080683236 2.4567157331767486 8.53410575968622 -8.952356013029455 -5.796390962939237 -6.857257703699369 -6.02810121730111 -0.9523449794057237 -1.2988434596628018 -7.248278408026927 -2.9103672155861493 3.7513289235221725 -2.908575056531464 -9.477874755972604 -4.504856365922835 -2.3897090352987926
-0.8247537466764165 5.049964725328806 0.8860681961015504 9.144771562670806 6.541935473655789 7.985796957590194 -7.65486188743748 8.105674519910334 -6.221657112615244 2.0612585873504607 5.69813358787531 -8.334332958483433 -3.02321597509168 -1.4767820091063877 1.7257159873719519 -4.52107212335431 -5.4538171338134305 0.1540180598038554 -4.129271857474716 -3.225549919341202 -2.042465827866564
4.214085430233356 -6.944911868685278 5.135877758377485 1.8352428871511095 -1.4293877587271786 -3.2701839684574563 4.745783113225476 -3.770118303640164 9.541442082013791 9.073943273991993 9.760557190503796 8.368334624630705 1.086938346808295 -9.150517604879635 9.888669719727595 9.289713478332915 -3.3440802153603477 0.8616227560160938 2.1539609990435604 9.277692409708287
4.624699627387551 1.2740613116766464 -4.2183274051076225 -0.7493390506760678 1.6472179243668106 -0.9493381187324368 -4.809014190718917 -2.7408035471044023 6.598763122742383 -2.0486151222731275 5.4039320720030855 5.984388253169284 -2.350731361852332 -0.4271471185095277 8.10870991807472 1.3020051090215046 5.3043259851831 1.4211763878446604 -7.693671815125822
-7.223532353332091 9.808744430347641 -4.318842572242776 -7.0923737302436685 8.429303573222581 1.0573897620483996 1.8635096504318938 8.428084921206489 7.667125829923627 9.732795275960516 1.4299128359540503 2.10665306110857 4.598735231236315 -5.334819012390892 -4.91038946796629 6.806808994553382 1.616239673656199 -3.486122306374597
-1.9831459784102679 0.4425059210097637 8.070287127338364 -9.10200297739587 2.6651117123136747 1.6609511266841226 3.6919561830954306 8.555425393771156 -5.142431780832024 -3.221910195806934 -3.203385558145495 -8.261039450371241 0.15290164885243707 8.01248205999092 -4.726677215206463 1.9095825678604461 5.707322868146225
3.389327264536357 -6.654357536335127 2.6890486261842295 3.907448364056869 -4.923185254269713 1.285025368650079 -6.359574558395693 -8.359733438061877 6.1421772352314346 -4.883323098005459 4.377085390764659 -9.593305073301018 -6.780641781579247 6.979358950622149 -1.2255150824154848 4.867597371382615
1.403841165760935 -2.6944512156040146 -7.293355360132898 -1.3723066645739967 -7.7312619327479055 -1.1775037884323059 0.7027756613064384 -4.983322278502911 3.9681076042688157 7.861078569171678 4.155091849969734 1.7309883186431607 7.358064850562094 1.861333844064068 -6.535323581887291
-2.01005731502393 -5.370084651319685 6.407520562087234 7.483105088653157 -0.9641018610937779 4.9378386078278735 5.318201142855273 -4.869609181031283 -8.037282400501024 -3.6105058444772764 -3.796136099763414 -4.366615516933439 9.697541346809377 1.1394525390156973
4.175531714542354 -5.934305997139644 -7.67509462071025 8.955792994893146 -1.706677075484504 -7.812520308688482 -3.7807346287585197 3.7999445714029845 9.704692465197924 -7.934379033005294 0.36974011609175905 -4.582764774176966 -6.222329194762017
8.907079439773792 -9.302256642905034 1.1614080163111895 9.707146503014554 5.72908442255952 -9.060192773784399 -2.5208137902241368 6.286585704346348 -8.04461265819028 -7.109432308784971 -4.540369707516079 -8.036899513917561
-9.911116844472957 -0.7428097020593794 -0.01696699907780319 4.4725073801441795 -8.651031361906508 -5.874747831922389 -1.1308805503818298 -2.95988168991427 8.998563259666808 -3.2293126618602686 -6.986281473331797
3.242418308508519 9.139202975321902 -9.252133533286088 2.0312088585887067 0.1749452005218055 3.6133647818159775 9.139814232589904 2.3731298229015763 -5.625734461859286 4.425801492632868
9.788787654080863 9.391885754722782 0.05811862498587006 -1.449959377896728 4.405628134955757 5.7847097024110745 -0.6164398563882068 -5.709597810835534 -7.460055515293378
-2.2117505304585316 8.503423151653184 -8.655541188846128 0.12679969777374067 9.790698675254507 -6.297129851800323 -2.145996572495865 -5.3216189178340105
2.6359621482458007 -2.9661239971329367 0.7393113526083295 -7.803279454752263 0.6180528257720685 1.7307530208251998 5.596846833422296
-5.756587246390701 -7.352465531749511 -4.9671731838008775 7.590487475941021 1.2923026876501464 -9.6953252878275
-0.9816883081647454 7.224204731349877 -2.7921097725561173 0.3579351964318245 8.662933133322943
4.861048907922319 -4.141258549252367 -3.27181415716453 -8.361338345579657
-9.638553870078887 -2.508115900117871 -0.7342621375084724
-5.367295925426454 3.1396216244935515
-7.30028237720725
