50
2 6 8 20 21 9 19 2 9 20 4 3 11 22 8 4 2 12 9 18 3 6 4 12 9 7 2 4 8 3 5 5 17 7 12 8 7 3 4 2 12 9 4 8 8 11 7 10 11 3
1 30
2 4 6 12 13 22
2 3 6 8 11 22 27 37
4 5 7 9 11 14 17 19 20 21 24 25 29 32 36 38 39 41 49 50
4 5 6 7 12 17 19 21 26 27 28 29 30 32 33 36 39 40 47 49 50
2 5 6 11 18 22 30 31 46
1 7 8 10 12 14 15 17 19 22 25 30 31 33 34 43 47 49 50
8 29
1 5 9 15 16 19 22 43 50
1 3 4 9 10 12 14 23 25 26 27 28 35 38 41 43 46 47 48 49
9 11 18 47
9 12 14
4 9 12 13 19 20 30 38 46 47 50
2 5 7 8 10 11 12 13 14 15 16 19 20 24 29 30 43 44 45 47 48 49
3 5 6 15 16 18 25 47
10 16 46 48
7 17
2 5 6 10 18 22 26 30 43 47 49 50
4 5 11 19 20 24 28 41 42
3 5 8 12 15 16 17 20 25 27 28 32 35 36 38 41 45 49
21 28 44
7 13 22 31 41 44
10 23 46 48
3 5 7 16 19 20 24 26 29 34 37 39
11 15 24 25 30 33 37 44 50
3 16 23 26 32 39 42
26 27
22 28 31 49
5 10 11 20 24 29 39 47
13 14 30
7 10 31 33 36
8 32 35 45 48
1 7 9 10 11 15 16 17 26 28 30 31 33 34 36 37 48
7 17 26 34 42 49 50
3 21 23 25 31 32 34 35 42 43 44 50
5 12 23 24 25 34 36 41
5 8 35 36 37 44 46
30 38 47
6 12 39 45
34 40
4 7 8 21 24 29 30 31 32 41 44 46
6 9 13 23 30 33 34 42 46
9 14 17 43
3 7 13 14 15 23 36 44
2 10 17 21 25 32 40 45
7 11 29 35 36 38 39 40 42 45 46
5 16 18 21 25 39 47
4 10 18 28 29 32 38 40 45 48
4 14 15 18 19 33 36 42 45 48 49
22 25 50
-1.596340657184523 -2.7352100606982876 -6.302466244770965 0.3656545633495245 -9.827890959824614 9.378724134389724 6.027625120329219 5.1462397721730895 3.429686036836479 -9.406859823501536 -2.1687594003933697 -1.904119220067304 -6.20737971231395 5.3421128896547865 2.334462906238164 8.525479279817674 -3.497519317960638 -4.93691295300454 4.404358371440149 9.939149259753762 -3.8425365552254087 -6.560266366251161 -6.492309486953605 -6.723468157026183 1.7002875301896259 -0.5292888527870021 -0.7848609554797936 -5.296919831748788 7.124343446091772 -0.5821244851556906 -8.90833137023886 9.86514159097118 -6.0888722142264236 4.250497663905133 6.3277992585343235 -0.57885457854286 -4.7782765117786585 -1.1876191774565514 -5.812340917437191 -0.541923760700378 -5.3723442227650375 -6.776461044700208 -5.658756972535315 -6.785690356544205 8.939504537870466 2.434830372717267 4.575699283454002 7.521824550790138 8.833494024808 -7.581068538058549
7.6545070751028454 -8.07803637607229 5.654974226494344 3.1493317813345634 7.644783156726945 3.0721579322102044 -9.165445487883272 2.614779752448708 4.221225538630266 -0.9056325044666491 3.4332332704113977 5.938801567111023 -6.086050421273798 -6.61554223649504 -9.814601504477917 5.0004489772594845 6.2270868723012995 -9.05754522303691 -8.518885775828664 6.178531610908912 5.226938881861813 5.480448968013616 -2.6620067803070513 -1.4420521414982823 3.430506156534048 -6.459908203666236 2.1008310265467256 -2.0317293252249624 6.53278453149281 4.249797689521541 -9.252914513891072 -1.8314049050494519 -0.5661748659818899 -4.371966990463793 -5.965706686522645 -7.4368322336308506 -5.607284164461481 -9.956618388237931 -5.94137414703712 3.90173984667044 1.7362460269348423 9.82826945258122 -4.649767793792414 -2.139944549838253 5.703028232795195 4.313146679814112 -5.347133047246069 -4.3121995927690415 -4.50246211957152
-7.387595625362591 0.8273603712836075 9.181144773944652 0.17820766936699428 -8.163153991935603 3.1541194792661487 0.10079793572572049 -3.2059857978461914 2.3480856820944362 7.5173078903534 6.513437470807282 -5.607567142080063 -5.491543435423189 2.2424233315576547 2.5795838379173497 -7.175288637350981 7.762009490004347 2.9504671138259675 -2.9703568953319537 7.628302441578776 -8.485409126728495 -0.8866781118207601 9.691789804502136 -8.727121554380801 -3.396284247052881 9.614988820666266 -4.851173355857998 2.4309113884479006 4.19190214891088 -9.643046229660929 -9.608881310270888 -3.98748424424171 6.726911439462151 8.92726477697044 7.764723464787416 7.99505404191401 -1.9582300248031093 8.845911019525417 -3.8001600322698192 4.474915955704901 -0.9927629189916742 0.38878163711962177 -5.313599802464344 -8.954661551521756 -9.3659309559863 8.2634462594505 -7.655840897447783 -3.620944921299325
-0.43960223818799493 -9.415401361396613 -7.576354895520763 8.897694193121827 3.0878218962166804 5.439994496720873 3.404970612608449 -4.447711361672466 -3.6795345337977947 -1.4642908185066328 9.775740108900443 -0.7670487769956291 -3.682831274314964 6.0334673506059655 -6.519762452794675 2.232239210860756 4.981780409933285 -0.9399505924518792 3.6046975062933795 5.9345502893149815 -5.280556403543226 5.683345478004913 1.2073583380730857 1.1947372216556729 -2.968658214456279 7.886489369931309 -2.8791547195855305 -7.321491388070838 -5.409241152902857 2.581775107856601 -0.4079369265037758 3.2289522123696623 -4.012677148143718 -0.21560122066685894 4.122855548429117 -5.872297845350129 -2.7163391305754314 4.795696373793817 4.487007419847966 0.1713720855704648 6.511736481841941 -7.701496327264694 1.734901277104437 -8.422693062288147 3.316044463991954 2.1446577456677596 -2.4843523083534125
0.35235676197549415 -2.1030591779622165 -7.445361066937628 0.19720842850254883 -6.9103751224599375 -5.8790212667053225 -1.8194369843541214 3.612430745564932 2.3165825303393017 -0.39726310736179604 -6.584667689818831 -5.620555557959348 -0.7837105451418891 -7.190069488791395 5.464108232830913 -7.431073044951915 4.368233264520427 3.3381004833742067 7.833359007280101 4.311776948565513 3.913514921479766 -7.902933547278406 -9.580972288303048 6.021734471181064 -3.895917420526047 8.147245939538442 2.5313633089986687 1.9590048084185208 -3.4856559019438693 3.1421506992932158 -1.0255353880945917 7.974313760049176 9.006566837225458 -0.4132594820603597 -2.5727941600640136 -5.833857556885558 0.6843639432040893 8.755867249224075 -7.925354496634684 -7.080158363030476 2.69038189467101 -1.3180446092586706 -0.6056473501079407 -3.289697907289104 3.8149877729010284 -5.65886312446382
-5.811482277326077 -3.1533583134570153 -6.75905719712667 -7.170040368592961 6.722360687874421 -2.3109464213710607 1.3825436582915973 -9.404184321919127 4.010507569005391 -3.566647928856199 3.1052455128025858 -4.114176563246406 -6.677995658237192 0.9250443615155746 -0.4709234226699599 -7.727402193500343 3.7651519509559184 -0.5374081584398782 -1.9210117096263857 -4.000042031073001 -5.75414478896501 -4.096574086540827 2.6947180472036614 3.239468326285433 -8.987722027340135 -7.668207430048213 -2.8871579385574853 1.042965258977382 4.41821841798542 -3.212784538243607 0.29154697751981207 1.3634055981393023 7.801779466850194 -7.171319795316691 3.6033386815018265 8.492154315632298 -0.1668237143608553 -3.191098829837742 -6.542449025333346 8.694259710877914 -3.1618116502361793 3.646786206316719 -2.611248697921207 -2.5431964076440416 -8.908512021669848
6.579468860656583 5.574391685202391 -2.29915486192823 -2.4650056431775846 5.906421761952638 6.233683830147321 -0.9183599996728797 8.935896778339853 -2.0762078926247707 -5.470546301728332 -6.536115401395939 -1.7466722567292936 8.053800202720968 6.182716554741892 4.947264146144272 -6.543822381952951 4.07590359495221 -7.988268001753864 -3.0293781720687596 2.705551212387509 -6.824323396502974 -4.834497161648999 -8.534381182180912 8.728178165340081 -7.982729061239702 -9.38737767449001 -6.102160958606366 -6.361337161843343 7.690677742924763 2.716620996179935 5.458617600253783 -0.6102626030365066 -7.696468241782504 -0.45228926138676906 4.397576615282352 3.862882241023453 -9.43966301765128 5.67612727123501 -2.7869701488816356 -8.861058812894523 6.614032915829966 5.857368666321847 -5.068016585442607 -1.5256853697824413
3.440904620094134 5.990885112659782 -7.260762162691073 -8.165217231343245 8.502255973918256 -5.799625488523645 -7.427685407689095 -4.640306511809964 -1.604030184631069 -0.6805024053513553 9.121541677409262 6.82135350306705 1.9930897411027981 -8.742998101704737 -5.780375801723146 2.850985896750675 -5.376540333423819 -2.5411477171799834 9.485282057587662 5.855896734390466 -5.945820573859444 -6.410735770968516 -6.279856296715874 4.195716167618415 -8.41588096294372 5.640651144791368 0.21695271523675785 -8.731500800495503 -2.4562586512459195 3.407176650225574 -9.150737513469366 -0.06921379212405654 -6.409816259954666 -5.941881684385519 -2.675461682198903 4.028850320549897 9.260995359949726 -0.7686511115156547 -5.7359164554558735 2.9574250591096063 0.9786409153863818 3.6088484698340695 9.125547531796167
0.20972641706656692 -8.375209633596771 -2.077971507825873 2.670443070184092 -9.763462760971445 2.1840663438494246 -9.08968351663946 -4.018907445156133 8.660015919127929 1.1540259280731435 -8.227343431395466 6.529245937837674 8.477568463396032 5.415001114031897 -1.417171548810674 -0.12525729139329034 -2.126292620159773 0.31937045379484275 -9.60871953901471 2.991622084936605 -4.415129042629076 -0.607963064928394 1.4200085979949328 -6.300785272049665 1.4127838804320958 -3.1198465165634803 -5.082508136713173 -1.6801809190535266 0.05810704713504977 1.3990434140980001 0.9412762039722855 5.7029573890053875 -6.470235329561378 3.5449859660589023 -1.1831762169005322 -6.588712899236162 0.5423890154237232 1.5083358277671355 -2.649836361463145 -2.8090434021709387 -6.004203747172189 8.434972775627722
0.07385851913168429 4.918406406322758 3.6244156290488916 -4.46813872286544 8.119698124355931 1.9090304396221347 -0.8322203677162654 5.669136491492983 3.9931217264397834 -8.080057000377948 9.6968048354909 5.319583703376827 -1.7678950320641196 -0.033541046063394475 -3.4150415251330424 5.655937220185969 6.004086249217111 9.113769369887022 1.0512847416489168 -0.6762283375015588 2.87127095810795 -3.304227270248077 -5.169005141107592 0.9025611364888597 5.902743428533288 -0.39065617187332924 -0.26038230739366064 -9.962686621983092 9.2856853834177 -0.5263947914899014 -8.15270058285597 5.549042063476199 8.708931113055163 -2.70964397437774 3.98667105209493 -1.6759377180809332 2.1403227371602096 -8.458683847020112 -4.6466770526336525 3.8186372547251413 -4.126134016381378
2.758156601206374 -3.014198320189665 -2.3401227576893313 9.849748702790395 -3.242998444537777 -6.015915273588059 -8.152450601993904 5.189121580433627 -2.9172790055648967 0.7010915164900045 -1.6550204849534778 -7.817477084176012 -6.845561055316307 -6.075048865738058 3.7847856397284763 -2.785666658788002 -4.2784109810065925 -2.349953442052073 -4.3300048108958915 -9.116980327696925 -2.9851523157942084 -9.369620190550638 4.591107525266487 -1.6809484254658713 -8.003773782824375 -1.4521771989956123 2.5624133835163843 -9.49541378341737 -9.898937996042587 -2.504855099711958 8.752689031184303 -2.20174612721445 -4.531935889168642 2.1086484584353316 4.7931589723475465 5.242125428038893 9.13386430105116 -9.002222009880953 4.599648863345898 -1.4028796180219927
4.3628874135014755 3.3388161591062016 5.350549613374462 7.733139907741249 -7.541861682014625 -9.765507127548032 3.174433474392784 -5.322492742308822 2.147914074592696 4.843690283933677 -6.950252710363694 -0.7263236370631176 4.815596722022577 -4.042666559692522 -3.2238678483544048 -0.15745205277923668 8.924691641918884 -8.91223496220006 2.9354715683673227 0.6441999865818615 -1.968511958732777 0.027562549689184035 -9.781339622651759 -6.243998355959819 -7.531167388595332 4.572099521164548 8.579715172090134 8.401602279488511 -9.315224062982539 -9.188058667062446 -3.5073654446756986 0.08930745605141954 9.680209938486492 -7.644935793613888 -3.9330225970015475 -1.1004185927758803 5.810717316579739 4.23658623518773 3.990855274861409
-3.0425636856698035 -0.03852454648331394 7.016889193165912 -3.4075947412304286 5.355128326291643 9.348497893683303 6.167354048754841 -9.761173396768738 -4.079652284830699 4.209058436720213 -3.3006518711963406 -1.3646239049913045 3.2423560670074725 8.438848815162174 3.430668077359209 -3.658062044192061 0.9128186288677131 9.292199008629316 6.6850194345248815 5.855094035717945 7.856501044005331 -7.2257338361641255 -3.695527077370442 6.592978312692843 -3.943362511516997 -7.970865597903467 0.8717587933697568 -0.9351642174611041 2.0896304583771763 1.8517174243906642 -4.059191787126471 -9.888550952656207 -7.518765873241002 5.597048685618451 -4.128592912827401 4.164074118332253 3.877413936382399 -2.8554550139617096
-4.954553903386216 -3.254410662933105 -2.254175548741102 -8.54234989842932 -7.723361449365786 0.09544064819492437 -3.0136265895692005 -9.794511115468822 -8.024493144182559 5.844553950802506 -2.964447420501193 3.739827813329799 0.630283668050664 -3.792728017296869 3.8857424969793075 0.8256039997864995 6.824879781027613 6.221232766528053 -4.574462702925235 -7.233317583865729 5.575491175507226 -8.064651664487865 9.052187951815728 -7.563544184239824 -6.810378306682492 -6.796024922172375 -9.226041440297823 -9.467204717296385 4.889738103614447 -6.0823292620964065 -6.757422600880229 3.1756541181939757 -6.21565101694336 -0.11110046128603113 -5.824942905389783 9.412746457763156 4.050028151116782
-5.469367158348415 -0.5389481722543121 -5.677819752119699 -9.27970434600137 0.8974755247933408 2.940743746658403 -3.6949247593959855 -4.774803167228021 4.043232442741682 8.578623932512606 6.384818109776069 0.9563928206599193 -0.9193123721848195 8.897946292618364 -0.7591813257217028 9.785087908435795 -9.766710718402695 -7.419386271337247 -9.4475169543424 0.8217585720673704 -1.6382620100729106 1.0996946625040338 -9.42159953505656 1.773686415743585 -3.9943089379473817 7.489631470316615 8.687968921079731 -8.297001156277183 -5.923565908140396 -6.527855914574223 -3.4436304078857116 -0.5701056046157404 -9.868949034019149 9.756418544250604 0.2828549146512449 7.452821818593343
0.02743196372029688 4.764465104947768 0.37947551146139125 2.4844618679268993 -8.570221979716706 -5.220322497656578 2.470441720561649 -9.761881564355257 -2.0688193790939247 -0.5133462587427973 2.7240034663815615 -1.8380719251571054 -4.568352926452683 5.445521730847556 -3.6507358440164484 9.99820300342871 -5.133919350270835 2.715481573206846 -7.276574664778632 7.766473435028624 2.581642350450577 -2.4615367146616984 -6.723258327134802 3.091546911407852 -2.4686820468697235 2.640464253408663 4.541375402611414 -6.312200627234419 0.8133692145032523 -0.42290711505882816 8.560049824783304 -6.1005480494864806 -3.316632136668365 -6.633012631057069 2.0585167979835117
-5.723030946312666 6.487525297204124 -9.779508515457248 8.202723273437524 2.7374587170002407 -8.882802643305931 9.328520833996002 0.23058559377325816 -5.856167059115509 -0.03960721218703167 3.2923912378116493 -6.7518927970209575 1.2356693980778122 4.185699546397384 -0.26866819639050465 -7.615024214325141 -1.455102211111925 3.234797379825405 -9.72707233960727 7.57241647833369 -9.474797143079945 8.005127452752658 -5.595935973052204 -1.2926712430883347 2.108622154895494 9.750916831551748 4.591579907226184 4.648368375482739 3.9931338943033867 9.946690946744948 9.608632694737636 0.06833386770437766 -6.647371138364793 -6.629847777085978
9.074143316580734 -4.937783792498975 -5.705516639148085 3.439806738170521 2.3739706248494663 -4.04618010994918 4.062122957337566 -1.9373074434723692 9.241417744659772 -8.52447472217699 3.259213945976216 -0.2988565636975915 8.105862063844135 -3.4519484988450677 -3.8929508191928863 8.076349149403503 8.357396500018188 5.448193611478742 -5.099063780615582 -6.9522268860720215 3.393981634733847 -3.945222249048894 5.699108065455832 -2.3283772082150644 8.14197401570347 -4.735276890580535 8.014986347205113 1.9060454829608853 -6.5673762417068975 -3.493703658901024 7.041297810535198 5.92251543892615 6.098924552022689
7.597757122553661 -0.5786001861592815 4.384814888598163 9.939923461452194 8.905903145523027 -3.439505622527357 -8.696910207423807 2.831936457282882 -1.8296109662301396 -6.575665670362973 3.6231423593327783 -9.083736438409655 8.82084551321203 -8.797486161629367 7.29999343567968 1.0725580449435101 4.958428189264266 -1.9082164922879352 -1.1216715888544049 7.541140879137123 -5.752830406388314 3.978569988389866 4.15993390705048 -8.788715662389787 7.105389544343527 -3.5691667369880187 -9.092479713610985 7.499899055343149 -3.6662950631847324 -7.5156240876018865 -9.582417898554645 0.23188239016960877
-7.930222705245327 -1.5787477016096152 5.235538341820909 -7.75791117486222 -2.1820904347639414 -3.989507990289214 -7.9272982956794085 -6.045194077360296 -8.82179143485444 0.6016999789281541 -7.301671260150375 -0.7967670478725464 6.278818315624535 8.462457703474776 -9.405983944696747 9.08681055474046 6.381638403302816 -3.019762038954199 8.76821616552434 4.362779171462179 2.0794669723466908 -2.8243537641347616 -2.2290808458015854 -5.082324410878504 -1.015505530618146 -4.308645888225127 -0.6624493902253104 -5.080471077620379 -7.342700808716112 7.11759552145339 9.156497931608932
9.054812956597608 6.662899872857411 0.6729873486235727 0.4475209755310128 -0.13344706960416897 1.755104437857431 0.8289110341918371 8.595332170297251 -2.7016593741565353 7.214203757512728 -5.067551219892592 0.19010421227582786 0.15931256003345995 -4.8277041036301105 1.1223447057775382 4.93385635538856 6.149573256716641 -5.873389490426815 1.017837232852954 -4.279960290184928 8.791053605757861 -4.980704125954318 -9.62354919337028 -5.923789233126541 -6.6493890554953605 -1.38928613726103 1.0463410923866934 -1.15620814893717 2.113392996701824 -6.3517488574331065
-0.4894555760493846 3.021259993686245 6.923210610948736 0.4768082387573269 -3.2776188478670853 7.945983035066433 3.563495632995086 -7.493847067979846 3.068910124884565 2.4929804113501985 6.578681704134732 1.0339646933630364 4.696495149191304 9.082704027837774 4.917910065421722 5.272202648849529 -2.0398590334644995 3.3242945214759834 2.5355928988229848 -0.9080730002616222 2.4369838911125186 9.895084101492483 -3.418252063093734 5.0868627746827855 7.998669839116134 -7.593691514721512 0.9391137160122431 -8.280853412796134 -2.555180945306319
6.51863184285464 -6.363403452113403 4.4789243743569385 8.714081042922324 1.0856350015676375 6.016551621102266 -3.491578954990122 0.6712922956618517 -0.4038366719650921 -3.4043342108225194 7.207577956137438 -4.353129807195934 -5.159599627420903 -3.6083887210336085 -0.6364718731430785 5.333026427580143 2.1460410490484216 -8.006590381404488 3.445777766912357 -4.01953239767786 -6.988248628928231 -9.700093393609707 0.756103571089175 0.4825026841195812 5.92124517612207 3.4174984509101924 3.599040242481122 -9.256731410725273
4.274985060637624 0.662303259797965 9.877646740466346 4.707760755158448 5.366654779024708 -9.660876540471182 0.6330993775949234 2.9063468077066124 6.645281302745875 2.155485482870496 -0.9179983601129438 -3.5516971721571755 6.068331870004111 9.543196878667914 -0.8735357357920259 2.827899345428202 4.898074871644191 4.644285016529313 8.713121009924885 7.711836526898823 5.816837593142976 3.2664778970378916 9.535110432960368 1.4883742426734403 9.196437896904385 2.4397865206753133 5.734728546819163
-0.26480039195624583 -0.7177675665972227 -2.3893059783387827 -3.598757257392551 -9.151729345407567 5.07846377613097 9.062574938583385 -7.260152678146126 3.1114966272656863 3.379790715818831 -1.3626296654782322 -8.71769042856017 4.205467293307354 4.599836813534055 -0.8636768671095063 0.1281135908362363 9.331722506392543 -9.16727233747914 5.376900532264806 -2.8521557887193882 -0.486482577848113 -9.642078720183038 -1.508172998246462 -8.390890788786937 -1.6106607406076634 -2.155465395127567
-4.834739882584891 -9.487272486837313 -2.3131731609452255 -3.579598210783903 -8.134661111219458 -1.7449743228710823 2.6930602949662807 9.515986687013484 7.748803742199453 -6.251490033524685 -1.863154322378251 -8.509104275675623 -7.939956747763908 -6.293269860885278 3.274234663976905 6.961738476175379 -0.7076922972084798 3.719581897692519 -1.3217754558351191 -1.9122277301031931 -3.2958075498541306 -6.669727128396805 -0.170084020502399 -7.908378675238019 -8.125172898967122
-2.093139949028211 2.473374940310653 -2.4464292563578316 -9.982813431333097 7.634858679528822 8.390746656112505 -1.466604736883077 7.77693910650126 -0.10390676485458883 -8.638842991696436 -7.396448991010114 -0.8978795828468034 0.4143475864937729 1.2015727554355715 9.563849108637154 2.614712520311404 5.963563155139145 2.16571306990043 -1.4919329064566789 4.369261045180748 5.333392014778802 3.7693052197396293 -3.288111108137839 -6.649809621096001
-2.743598677632866 -9.2913990745384 9.468308132743648 -1.792408879598717 0.08231458021034532 -2.700607826071686 5.250236326211752 -1.692389680232047 -4.358122047357202 9.980295289523273 -8.158983608253244 3.5620827019859203 -3.2212764224668478 -0.9617859683466135 0.05834785469738035 -5.259649111325963 -9.945256257115089 -1.7968500984816949 -5.324804938065213 7.69709015725377 0.7118480578492381 -5.694254094618108 4.767782011321615
1.8628994192738735 9.053568440672501 0.44628962497685 -6.986127737651264 -7.777753169619288 -5.852003956471328 9.369443198768172 -3.6043458950824725 6.616385345650054 4.694905491206745 7.875912793083315 -1.869791639114362 3.0904540860445273 -4.235497748913177 -8.560012506249038 -1.9726037232682847 9.302903552316044 6.815334232082721 0.6010708703015477 3.9202021435806356 9.932971777856846 -6.173561189235648
2.8501290073462116 9.946893554355224 7.059638424641983 -4.448870750442094 5.450713722313099 9.5152994350149 8.737179046199152 1.1001701611163162 5.351203715030763 2.578578493997321 -5.442896279483911 -5.5141548853673665 -9.130353277663119 -6.0778531698768745 -9.243378140642822 -0.4619455389347449 1.110290793908335 9.955818007613107 -5.794095766766032 6.856313974386818 6.076780265182055
-8.745399320015961 9.463340449027658 7.568681296632603 8.910767469432212 -9.465927174217132 -1.8642259170163245 -9.808778001273538 -7.50249993004245 -5.518064583486479 9.226600772061325 6.640951879830448 -1.119116296180942 5.941875938658789 7.909147752577981 0.7317015828795315 4.8269692683561 -5.803733209543558 -1.9930252420766292 4.254451912178528 -6.637060340592338
0.7662304618482763 6.883007018875196 -1.9138412668376437 -6.890047840658935 7.545203397523239 0.7101834936226581 4.388369230444209 6.528002318735728 -7.423440192796614 -4.966830992498137 -1.369146742393459 0.3308435964384149 -2.0339469722698933 2.4270057041879145 3.9355204075121297 -8.495772386230353 5.020334692824573 -2.3037638168986674 0.8443605934658827
2.535855514492793 -0.3171869676299699 2.694944459778379 -1.0660049579965913 -4.051212833256708 -6.614421548126335 8.596408621890927 1.0728900585295609 5.4170132790766505 5.046831916176952 2.615248863367008 2.483910618076135 -4.344127744565953 8.629246755646118 8.13043253194645 -0.048657474995976724 -3.7244730896908362 -1.0665421729744229
1.0737295304168737 4.000150371515632 -0.4530160616735168 -2.9640028368033478 4.002715848459966 -8.642070485092905 -9.576027451352733 9.643597536079636 -6.995584885653976 -5.872927838546362 -8.20024579992145 -5.743648938131349 9.615425764258452 4.272149865143602 -5.738098862235277 -8.607135343459046 7.657337741297652
-5.05407658301338 -1.931897645956664 -8.449113005275471 4.994286014541725 3.8093729112445307 4.333205306877092 9.790527767086948 -6.77452316893679 4.763402685868563 5.29966218665024 3.1172554327309743 9.085958393068594 -4.3179869003048115 3.081493689503041 2.02210608724243 2.638254297038509
3.0737851562893614 7.328131838166854 -6.311151629240042 -8.406433196451582 -3.60363875874246 -3.9515957580815075 -9.904747309445147 -5.359234597535529 -2.2382005971176744 7.305922649215324 -4.935673130809251 9.671965296276122 -2.0241309517431594 -9.692794118440258 7.489521520154215
9.678617979546363 -4.976252017083482 -9.844482569035458 1.1575914981239133 -3.7271879519380535 -3.4309536550714625 -6.948675751290274 -5.886682830219209 -9.30759168139261 0.9143143617446992 -5.394090273284817 9.47965983280772 -7.869914243928435 9.74746389022793
8.890318121401197 -3.7597770154055654 0.11910831316674253 -8.31506461904738 -4.681993722258095 5.97521743763158 9.654023782320769 -2.2480984596849285 6.276889803066961 -3.199022218234069 3.5042848338026866 -6.150438082430043 -1.3578248046738217
8.319114142230422 1.6401719350944677 -2.0006077679396417 -9.827528991255543 -6.581395551030145 -8.369479837063704 -2.9572449848499316 5.974726169519087 6.118049978375835 9.189836771955823 9.217333542306545 -5.7203627441536415
-3.0565786111383786 -1.3082051061431121 -4.811452754056105 -1.5774602180634512 3.140537213263044 4.226709646149837 -0.8904146190991824 -9.283414642583498 9.366898715527253 -8.452461382691212 1.0390095817005318
-7.290266202593356 2.0204613952383887 -5.26575789043827 3.0876784116581524 9.206530444715654 2.4972043453901005 -8.717292064809605 2.8662739600026033 -5.476589117471747 8.909667879488124
9.994453198232993 -9.85260481695451 -9.791422797820566 -5.035611309997774 7.4754548647115815 8.067771223517129 -4.325606664871893 6.017041799414413 8.657910547280753
5.851737420419156 -7.7185336547106065 5.061820707939646 0.8039064312761957 -6.482480717014775 8.98229990113417 -3.439177521290946 3.271880239755638
2.2936484576120786 2.9288572506181176 -0.3049769913115141 3.511787643007116 4.883219235678425 -2.881886169238086 -9.279468082265618
-6.638339346811266 9.43328870015121 -2.925395075901016 -0.41965138425128723 7.16909590264863 -7.047000843930515
-9.013295576870776 5.4293449661713105 6.000855260548825 5.614200831028702 -8.356355324194134
-2.6113835558895215 7.529017148718802 -0.12285803458900846 -6.702435811712244
-4.199772864767981 -1.6259816028705232 0.06653721207998231
4.035471851880807 7.945265489010782
-4.809665402568529
